epoch,wall_s,sim_s,entropy_bits,zlib_bits,high_order_entropy,mean_steps,frac_copy_runs,frac_term_budget,frac_term_off_region,frac_term_unmatched,runs,steps,mutations,distinct_windows,n_persistent,A_t
0,0.305,0.0,7.999613,8.002533,-0.00292,0.0,0.0,0.0,0.0,0.0,0,0,0,466944,0,0
20,0.81,0.219,7.999411,7.966888,0.032523,653.1017,0.517236,0.063489,0.625317,0.311194,81920,53502093,2489,463797,0,0
40,1.352,0.415,7.999127,7.931061,0.068066,609.9714,0.509241,0.059485,0.620056,0.320459,81920,49968855,2478,461508,0,0
60,1.711,0.56,7.998848,7.893845,0.105004,603.8786,0.502258,0.059204,0.618628,0.322168,81920,49469736,2516,459231,0,0
80,2.187,0.802,7.998565,7.868332,0.130234,608.8805,0.499353,0.060364,0.619617,0.32002,81920,49879490,2510,457730,0,0
100,2.594,1.004,7.998297,7.844894,0.153403,608.5062,0.496338,0.060583,0.620764,0.318652,81920,49848829,2475,456460,71,71
120,2.937,1.172,7.997899,7.815933,0.181966,607.8213,0.492908,0.060449,0.621326,0.318225,81920,49792721,2575,454919,107,107
140,3.248,1.318,7.997352,7.794189,0.203163,590.2969,0.496875,0.058337,0.620667,0.320996,81920,48357122,2567,453776,135,135
160,3.664,1.54,7.996696,7.765091,0.231605,602.7634,0.497314,0.060071,0.619543,0.320386,81920,49378381,2517,452246,148,150
180,3.993,1.692,7.996082,7.738266,0.257816,593.8148,0.495886,0.058826,0.621204,0.319971,81920,48645312,2490,450904,159,161
200,4.381,1.917,7.995428,7.718491,0.276938,597.3113,0.494043,0.059644,0.625146,0.31521,81920,48931742,2535,449984,180,183
220,4.75,2.124,7.994923,7.701218,0.293705,596.582,0.493579,0.059717,0.622961,0.317322,81920,48871999,2528,449327,186,191
240,5.098,2.309,7.993973,7.677856,0.316117,591.0489,0.493213,0.05896,0.622961,0.318079,81920,48418727,2557,448150,197,203
260,5.398,2.449,7.993128,7.663773,0.329355,594.678,0.494348,0.059729,0.624915,0.315356,81920,48716020,2538,447593,204,212
280,5.702,2.592,7.990927,7.63887,0.352057,594.9122,0.492859,0.059644,0.621948,0.318408,81920,48735206,2554,446505,210,218
300,6.007,2.732,7.989464,7.621567,0.367897,585.4114,0.492859,0.058594,0.624634,0.316772,81920,47956903,2471,445879,219,228
320,6.333,2.88,7.98884,7.611755,0.377085,581.5813,0.493726,0.058215,0.622852,0.318933,81920,47643139,2568,445809,219,231
340,6.652,3.034,7.988299,7.612442,0.375857,593.1112,0.491687,0.059839,0.621936,0.318225,81920,48587669,2503,446324,220,233
360,6.959,3.173,7.987411,7.603516,0.383895,578.3318,0.491589,0.058057,0.618506,0.323438,81920,47376942,2465,446216,219,234
380,7.274,3.313,7.986754,7.599945,0.386809,588.4519,0.491577,0.059534,0.617554,0.322913,81920,48205980,2587,446407,222,238
400,7.619,3.483,7.985937,7.589569,0.396368,590.1717,0.490198,0.059473,0.616223,0.324304,81920,48346863,2515,446338,222,242
420,7.922,3.621,7.984688,7.576187,0.408501,585.3515,0.489832,0.058948,0.615845,0.325208,81920,47951992,2537,445778,223,244
440,8.223,3.759,7.983165,7.568069,0.415096,580.8411,0.487354,0.058508,0.617847,0.323645,81920,47582504,2361,445715,227,248
460,8.539,3.9,7.981454,7.55835,0.423104,587.1727,0.484094,0.059204,0.617822,0.322974,81920,48101186,2463,445389,230,251
480,8.848,4.043,7.980451,7.554291,0.426161,594.4343,0.483643,0.060205,0.615527,0.324268,81920,48696057,2437,445514,230,251
500,9.16,4.183,7.979337,7.54599,0.433347,580.3874,0.487622,0.058484,0.615112,0.326404,81920,47545335,2534,445206,229,254
520,9.469,4.325,7.978388,7.53006,0.448329,583.9767,0.485205,0.059033,0.616895,0.324072,81920,47839369,2467,444484,234,258
540,9.773,4.465,7.9773,7.518982,0.458318,580.0673,0.483875,0.058569,0.618481,0.322949,81920,47519115,2577,444192,248,273
560,10.083,4.606,7.97625,7.514252,0.461998,581.0784,0.486316,0.058777,0.616943,0.32428,81920,47601943,2511,444235,250,275
580,10.404,4.755,7.975591,7.51265,0.462941,576.2103,0.487952,0.058252,0.614453,0.327295,81920,47203145,2522,444372,245,276
600,10.719,4.898,7.974762,7.511032,0.46373,574.9691,0.489905,0.057996,0.617017,0.324988,81920,47101472,2459,444669,269,301
620,11.055,5.039,7.9734,7.509201,0.464199,575.359,0.489343,0.058069,0.615735,0.326196,81920,47133407,2505,444877,267,308
640,11.364,5.183,7.972218,7.504074,0.468144,578.0646,0.491064,0.058435,0.614417,0.327148,81920,47355055,2486,444851,265,314
660,11.678,5.324,7.970651,7.496277,0.474375,582.909,0.494995,0.05907,0.61532,0.32561,81920,47751906,2503,444771,257,316
680,11.999,5.467,7.968546,7.489395,0.47915,591.1445,0.496143,0.060217,0.611938,0.327844,81920,48426560,2569,444756,256,317
700,12.311,5.61,7.965498,7.477798,0.487699,594.7459,0.493774,0.06062,0.611963,0.327417,81920,48721587,2518,444511,257,329
720,12.633,5.757,7.9651,7.475937,0.489163,593.5801,0.490833,0.06062,0.610962,0.328418,81920,48626079,2521,444831,257,338
740,12.944,5.902,7.963777,7.46376,0.500017,588.7925,0.493127,0.060022,0.612122,0.327856,81920,48233884,2450,444395,252,340
760,13.259,6.049,7.962407,7.459,0.503407,583.6805,0.492053,0.05946,0.612195,0.328345,81920,47815104,2497,444583,252,343
780,13.578,6.192,7.961033,7.446854,0.514179,585.1432,0.498865,0.059485,0.613269,0.327246,81920,47934929,2564,444360,251,344
800,13.885,6.333,7.958955,7.436951,0.522004,572.8879,0.498254,0.057971,0.616443,0.325586,81920,46930973,2515,444092,248,346
820,14.194,6.472,7.957164,7.434494,0.52267,572.9662,0.497241,0.05802,0.616931,0.325049,81920,46937390,2478,444412,246,347
840,14.502,6.612,7.955138,7.426727,0.528411,582.9929,0.497766,0.059229,0.61582,0.324951,81920,47758778,2467,444373,242,347
860,14.812,6.754,7.953286,7.424393,0.528893,574.7459,0.497839,0.058411,0.614441,0.327148,81920,47083184,2521,444501,241,349
880,15.118,6.896,7.950156,7.413254,0.536902,576.7562,0.499329,0.058496,0.61355,0.327954,81920,47247871,2529,444148,242,349
900,15.426,7.038,7.946797,7.405151,0.541646,587.4357,0.504053,0.059753,0.615503,0.324744,81920,48122729,2478,444051,247,357
920,15.737,7.181,7.943661,7.391281,0.55238,591.0123,0.508252,0.060352,0.617566,0.322083,81920,48415726,2447,443512,247,358
940,16.049,7.323,7.941442,7.388229,0.553213,578.338,0.511694,0.058447,0.621411,0.320142,81920,47377445,2494,443714,242,360
960,16.386,7.495,7.938303,7.375244,0.563058,577.7191,0.515552,0.058521,0.623315,0.318164,81920,47326750,2601,443212,241,360
980,16.695,7.636,7.936038,7.370483,0.565555,578.3174,0.526355,0.058569,0.628442,0.312988,81920,47375765,2554,443311,244,362
1000,17.008,7.779,7.93274,7.359665,0.573075,583.2638,0.528894,0.059167,0.627844,0.312988,81920,47780967,2481,442977,243,364
1020,17.324,7.925,7.92685,7.343872,0.582978,565.5586,0.528479,0.056799,0.631836,0.311365,81920,46330560,2511,442281,238,365
1040,17.641,8.07,7.922481,7.341232,0.581249,571.888,0.533594,0.057776,0.635181,0.307043,81920,46849063,2470,442567,241,370
1060,17.963,8.215,7.9206,7.332504,0.588096,564.2848,0.536707,0.056775,0.637097,0.306128,81920,46226208,2505,442352,236,370
1080,18.272,8.355,7.917981,7.336731,0.58125,563.2985,0.539819,0.056677,0.638062,0.305261,81920,46145413,2604,442885,235,372
1100,18.583,8.497,7.913543,7.32431,0.589233,566.5545,0.542786,0.056848,0.640601,0.302551,81920,46412146,2512,442502,235,373
1120,18.895,8.64,7.90955,7.320221,0.589329,571.6415,0.542834,0.057544,0.645642,0.296814,81920,46828875,2469,442570,235,375
1140,19.212,8.784,7.905517,7.321793,0.583724,570.0526,0.542566,0.057312,0.649097,0.293591,81920,46698708,2536,442959,232,375
1160,19.523,8.928,7.903736,7.318909,0.584827,576.5235,0.544348,0.058093,0.652515,0.289392,81920,47228802,2574,443099,230,377
1180,19.845,9.072,7.900014,7.316498,0.583517,578.8297,0.546814,0.058374,0.656201,0.285425,81920,47417728,2433,443128,247,393
1200,20.18,9.226,7.896116,7.324142,0.571974,584.0725,0.553589,0.059094,0.657019,0.283887,81920,47847223,2475,443847,260,411
1220,20.534,9.37,7.894505,7.328552,0.565953,587.5181,0.553589,0.059607,0.652454,0.287939,81920,48129486,2471,444531,259,414
1240,20.883,9.53,7.891831,7.329742,0.562088,583.7867,0.554041,0.059229,0.648462,0.29231,81920,47823804,2526,444973,254,414
1260,21.195,9.675,7.886961,7.325958,0.561003,583.8292,0.555042,0.059167,0.650525,0.290308,81920,47827286,2417,445064,254,414
1280,21.504,9.819,7.885254,7.305298,0.579956,582.5675,0.563684,0.058923,0.650427,0.290649,81920,47723926,2492,443985,243,415
1300,21.819,9.962,7.882094,7.297867,0.584228,571.7649,0.571167,0.057593,0.658289,0.284119,81920,46838977,2430,443951,240,416
1320,22.131,10.106,7.87779,7.289581,0.588208,575.4893,0.576648,0.057959,0.663574,0.278467,81920,47144080,2518,443983,243,420
1340,22.445,10.251,7.875539,7.290863,0.584676,580.0975,0.578223,0.058594,0.66698,0.274426,81920,47521589,2537,444498,239,421
1360,22.774,10.406,7.873622,7.281937,0.591685,591.4218,0.582495,0.059863,0.666174,0.273962,81920,48449275,2583,444356,237,426
1380,23.108,10.573,7.870598,7.279724,0.590873,593.3956,0.58551,0.06012,0.670886,0.268994,81920,48610968,2532,444386,237,428
1400,23.468,10.767,7.868028,7.279892,0.588136,589.9214,0.586304,0.059668,0.675952,0.26438,81920,48326358,2501,444562,245,432
1420,23.788,10.92,7.8674,7.288422,0.578979,616.687,0.585522,0.062939,0.675598,0.261462,81920,50518999,2483,445233,243,434
1440,24.11,11.07,7.864803,7.281952,0.582851,605.267,0.587805,0.06156,0.67699,0.26145,81920,49583475,2545,445062,239,436
1460,24.451,11.222,7.862523,7.287598,0.574925,609.6452,0.592151,0.061938,0.680176,0.257886,81920,49942135,2585,445505,236,439
1480,24.77,11.373,7.859309,7.288803,0.570506,606.229,0.590088,0.061499,0.682629,0.255872,81920,49662282,2466,445629,237,444
1500,25.095,11.525,7.85543,7.284302,0.571128,610.1631,0.593213,0.062085,0.683862,0.254053,81920,49984564,2530,445528,237,446
1520,25.42,11.679,7.849972,7.279327,0.570644,628.7348,0.600256,0.064233,0.687268,0.248499,81920,51505958,2604,445440,233,449
1540,25.742,11.832,7.845617,7.280258,0.565359,621.924,0.602808,0.063184,0.689941,0.246875,81920,50948012,2677,445694,236,454
1560,26.069,11.986,7.844779,7.279907,0.564872,612.426,0.608191,0.061963,0.691675,0.246362,81920,50169939,2531,446017,243,460
1580,26.4,12.139,7.842424,7.275589,0.566835,618.7363,0.610059,0.062598,0.69635,0.241052,81920,50686874,2487,445981,247,465
1600,26.73,12.291,7.841447,7.275452,0.565995,613.1024,0.613477,0.062073,0.696655,0.241272,81920,50225349,2501,446242,243,467
1620,27.056,12.448,7.837011,7.265915,0.571096,607.0339,0.614087,0.061328,0.698425,0.240247,81920,49728214,2502,446115,236,467
1640,27.393,12.618,7.836147,7.269135,0.567013,604.3392,0.612842,0.061072,0.701208,0.23772,81920,49507468,2435,446424,239,469
1660,27.765,12.771,7.83488,7.269669,0.565212,598.259,0.613171,0.060315,0.700037,0.239648,81920,49009381,2535,446549,240,471
1680,28.08,12.921,7.833369,7.273376,0.559992,595.5714,0.615503,0.059985,0.698755,0.24126,81920,48789205,2561,447059,238,471
1700,28.397,13.07,7.83347,7.28186,0.55161,586.029,0.61344,0.058862,0.698999,0.242139,81920,48007499,2586,447595,239,473
1720,28.719,13.226,7.830445,7.280106,0.550339,592.8787,0.618298,0.059668,0.701648,0.238684,81920,48568624,2523,447708,234,475
1740,29.035,13.378,7.828526,7.282623,0.545902,589.9464,0.620215,0.059204,0.706885,0.233911,81920,48328410,2549,447911,229,475
1760,29.349,13.526,7.824575,7.286377,0.538198,579.1536,0.621326,0.058008,0.711304,0.230688,81920,47444264,2493,448389,233,482
1780,29.679,13.676,7.82117,7.280991,0.54018,578.901,0.62699,0.057922,0.712939,0.229138,81920,47423572,2534,448257,235,486
1800,29.995,13.827,7.821357,7.282928,0.538428,584.6287,0.635693,0.058484,0.71488,0.226636,81920,47892782,2512,448454,238,488
1820,30.315,13.978,7.81837,7.288315,0.530055,590.2075,0.641003,0.059265,0.715222,0.225513,81920,48349797,2453,448884,237,490
1840,30.639,14.131,7.816172,7.289749,0.526422,585.4456,0.646826,0.058618,0.719714,0.221667,81920,47959703,2539,448906,234,490
1860,30.959,14.282,7.814964,7.290634,0.52433,569.2546,0.651331,0.056616,0.723572,0.219812,81920,46633335,2413,448828,236,490
1880,31.319,14.471,7.810615,7.292236,0.518379,572.7424,0.652527,0.057019,0.724377,0.218604,81920,46919058,2544,449177,228,490
1900,31.64,14.622,7.806845,7.290482,0.516364,569.666,0.661292,0.056519,0.727551,0.21593,81920,46667038,2464,449251,224,490
1920,31.961,14.773,7.8043,7.296646,0.507653,581.4008,0.66394,0.058142,0.729175,0.212683,81920,47628353,2557,449869,223,492
1940,32.284,14.926,7.803595,7.300201,0.503393,588.6906,0.667322,0.058826,0.733093,0.208081,81920,48225533,2506,450235,228,494
1960,32.603,15.077,7.802818,7.310318,0.4925,578.4724,0.668225,0.057666,0.734827,0.207507,81920,47388460,2471,450962,224,496
1980,32.935,15.238,7.800566,7.307037,0.493529,585.7895,0.67074,0.058594,0.733765,0.207642,81920,47987872,2488,450928,225,498
2000,33.261,15.395,7.79371,7.301392,0.492318,602.131,0.671021,0.060522,0.731921,0.207556,81920,49326574,2542,450635,221,498
2020,33.586,15.55,7.79056,7.30072,0.48984,596.1447,0.67395,0.059814,0.736963,0.203223,81920,48836175,2493,450657,223,498
2040,33.91,15.708,7.784939,7.297852,0.487087,598.4516,0.67644,0.059985,0.740222,0.199792,81920,49025151,2466,450602,220,498
2060,34.232,15.863,7.778977,7.294479,0.484498,598.2199,0.683459,0.059888,0.744812,0.1953,81920,49006176,2533,450618,221,500
2080,34.556,16.02,7.776692,7.292252,0.484441,605.3852,0.687317,0.060754,0.746228,0.193018,81920,49593155,2515,450608,219,502
2100,34.884,16.177,7.774307,7.289734,0.484574,605.2679,0.693018,0.060754,0.748962,0.190283,81920,49583545,2554,450613,221,506
2120,35.212,16.335,7.774328,7.286026,0.488302,598.9339,0.693555,0.059863,0.750854,0.189282,81920,49064667,2562,450494,221,508
2140,35.539,16.492,7.773224,7.287125,0.4861,602.8463,0.699133,0.06051,0.749524,0.189966,81920,49385166,2471,450607,226,515
2160,35.9,16.682,7.771104,7.292969,0.478135,597.9374,0.699011,0.059888,0.750903,0.189209,81920,48983031,2532,450934,227,517
2180,36.231,16.842,7.767846,7.288544,0.479303,606.1561,0.701392,0.060791,0.756067,0.183142,81920,49656311,2512,450814,227,519
2200,36.566,17.003,7.764885,7.281555,0.483329,607.6502,0.702332,0.060901,0.757703,0.181396,81920,49778704,2467,450732,229,523
2220,36.909,17.172,7.759764,7.271118,0.488646,616.9252,0.706165,0.061963,0.761401,0.176636,81920,50538513,2405,450148,230,527
2240,37.256,17.344,7.754867,7.258652,0.496215,614.5376,0.711426,0.061597,0.765479,0.172925,81920,50342918,2481,449383,230,531
2260,37.595,17.506,7.753741,7.257828,0.495914,614.5837,0.712231,0.061548,0.767578,0.170874,81920,50346700,2490,449321,233,532
2280,37.953,17.671,7.753389,7.254913,0.498476,604.3193,0.711047,0.060327,0.767334,0.172339,81920,49505836,2522,449202,227,532
2300,38.28,17.828,7.751737,7.259445,0.492292,599.1213,0.712915,0.059631,0.771143,0.169226,81920,49080020,2458,449572,227,537
2320,38.612,17.985,7.749615,7.258469,0.491146,589.6302,0.719446,0.058582,0.773706,0.167712,81920,48302509,2610,449627,231,544
2340,38.94,18.142,7.746164,7.247086,0.499078,586.2918,0.727185,0.05802,0.778833,0.163147,81920,48029025,2505,449010,220,544
2360,39.267,18.3,7.741055,7.246613,0.494443,594.9053,0.729175,0.05896,0.780762,0.160278,81920,48734642,2546,449245,224,549
2380,39.604,18.46,7.738657,7.23999,0.498667,605.4611,0.734106,0.060254,0.784729,0.155017,81920,49599376,2629,448945,225,551
2400,39.935,18.621,7.738918,7.245071,0.493847,618.148,0.73678,0.061877,0.785596,0.152527,81920,50638688,2483,449437,227,561
2420,40.272,18.787,7.738537,7.240738,0.497799,605.7556,0.74021,0.060205,0.790186,0.149609,81920,49623502,2441,449098,223,563
2440,40.605,18.948,7.7393,7.251938,0.487362,617.2394,0.738062,0.061755,0.79054,0.147705,81920,50564250,2505,449847,226,567
2460,40.934,19.111,7.735676,7.25824,0.477436,618.4847,0.740076,0.06178,0.789978,0.148242,81920,50666268,2507,450481,225,573
2480,41.264,19.272,7.73469,7.261993,0.472696,614.8052,0.743616,0.061279,0.791064,0.147656,81920,50364840,2484,450968,226,575
2500,41.6,19.434,7.731438,7.253677,0.47776,613.2174,0.74375,0.06106,0.795764,0.143176,81920,50234768,2564,450619,236,586
2520,41.935,19.599,7.730011,7.252029,0.477982,622.0246,0.745874,0.06228,0.796411,0.141309,81920,50956259,2524,450578,234,588
2540,42.266,19.762,7.724289,7.254395,0.469895,622.1925,0.747668,0.062268,0.794763,0.142969,81920,50970010,2455,450844,228,588
2560,42.599,19.926,7.724334,7.258392,0.465941,621.2945,0.746631,0.06217,0.792078,0.145752,81920,50896449,2513,451091,221,591
2580,42.933,20.091,7.721291,7.25885,0.462441,629.1767,0.753577,0.06311,0.796045,0.140845,81920,51542152,2595,451328,225,598
2600,43.266,20.258,7.721818,7.260025,0.461793,639.9911,0.759204,0.064465,0.795166,0.140369,81920,52428069,2507,451227,220,600
2620,43.605,20.424,7.721656,7.265427,0.456229,621.0105,0.758435,0.062097,0.795886,0.142017,81920,50873179,2399,451669,217,602
2640,43.944,20.592,7.722689,7.267548,0.455141,633.969,0.764673,0.06366,0.802197,0.134143,81920,51934742,2513,451839,218,604
2660,44.282,20.758,7.720588,7.264465,0.456123,635.4725,0.767285,0.063892,0.804785,0.131323,81920,52057908,2409,451716,220,608
2680,44.66,20.926,7.714738,7.260315,0.454423,635.8405,0.773401,0.063831,0.806934,0.129236,81920,52088053,2555,451602,222,612
2700,44.999,21.095,7.712767,7.260071,0.452696,636.0034,0.772534,0.063855,0.808936,0.127209,81920,52101401,2551,451678,220,612
2720,45.335,21.261,7.71102,7.263992,0.447028,633.296,0.769788,0.063525,0.809534,0.126941,81920,51879605,2539,452058,223,613
2740,45.673,21.428,7.709619,7.266495,0.443124,632.8638,0.766223,0.063403,0.810205,0.126392,81920,51844201,2528,452272,229,617
2760,46.014,21.596,7.708258,7.269135,0.439124,626.571,0.765381,0.062512,0.813989,0.123499,81920,51328699,2515,452305,233,624
2780,46.354,21.765,7.70188,7.25856,0.44332,637.5011,0.769775,0.063867,0.815894,0.120239,81920,52224092,2393,451782,228,624
2800,46.697,21.933,7.698349,7.259262,0.439087,638.9498,0.766785,0.06416,0.813123,0.122717,81920,52342764,2490,452174,230,630
2820,47.04,22.105,7.697012,7.258499,0.438513,647.3682,0.768201,0.065259,0.808679,0.126062,81920,53032401,2487,452100,227,632
2840,47.381,22.275,7.696149,7.261688,0.434461,645.7918,0.768652,0.06499,0.810828,0.124182,81920,52903265,2514,452360,229,640
2860,47.725,22.445,7.695133,7.264801,0.430332,641.3838,0.76969,0.064453,0.814038,0.121509,81920,52542164,2535,452485,229,646
2880,48.063,22.615,7.694623,7.268982,0.425641,642.8114,0.774316,0.064612,0.813782,0.121606,81920,52659109,2596,452693,230,648
2900,48.412,22.784,7.692038,7.264664,0.427375,639.6123,0.776538,0.06427,0.815576,0.120154,81920,52397038,2524,452707,234,648
2920,48.755,22.955,7.692482,7.269257,0.423225,645.9137,0.776953,0.065027,0.816406,0.118567,81920,52913248,2555,452861,236,654
2940,49.095,23.126,7.691586,7.272781,0.418804,643.8397,0.781189,0.064722,0.82074,0.114539,81920,52743351,2500,452892,231,656
2960,49.438,23.298,7.692296,7.269073,0.423223,644.0859,0.784277,0.064673,0.824023,0.111304,81920,52763517,2569,452867,223,656
2980,49.782,23.47,7.69164,7.279175,0.412466,646.0099,0.785486,0.064954,0.825586,0.10946,81920,52921130,2541,453506,224,660
3000,50.126,23.642,7.69198,7.279068,0.412912,647.5399,0.788245,0.064941,0.828564,0.106494,81920,53046465,2606,453545,223,661
3020,50.477,23.816,7.688721,7.271957,0.416764,644.4282,0.794641,0.064514,0.83252,0.102966,81920,52791556,2570,453217,218,665
3040,50.821,23.989,7.683189,7.270035,0.413154,638.0703,0.793823,0.063953,0.834363,0.101685,81920,52270716,2495,453251,218,666
3060,51.168,24.166,7.676966,7.270203,0.406763,636.7872,0.798108,0.063696,0.837915,0.098389,81920,52165608,2377,453480,213,671
3080,51.51,24.339,7.674515,7.271027,0.403489,636.151,0.802344,0.06366,0.838391,0.097949,81920,52113486,2566,453614,211,671
3100,51.858,24.512,7.673173,7.274857,0.398316,644.2173,0.805103,0.064514,0.84165,0.093835,81920,52774283,2501,453755,216,677
3120,52.204,24.689,7.670936,7.27475,0.396186,637.0394,0.805225,0.063611,0.843665,0.092725,81920,52186268,2548,453756,210,677
3140,52.546,24.859,7.668131,7.277206,0.390925,628.8891,0.804407,0.062573,0.844189,0.093237,81920,51518591,2496,454204,210,681
3160,52.89,25.03,7.666508,7.284119,0.382389,629.1007,0.796362,0.062659,0.844519,0.092822,81920,51535932,2487,454728,209,681
3180,53.236,25.199,7.666761,7.29422,0.372541,617.357,0.795984,0.061182,0.843311,0.095508,81920,50573885,2464,455280,209,685
3200,53.577,25.368,7.666232,7.290359,0.375872,623.0968,0.7979,0.061816,0.843262,0.094922,81920,51044093,2520,455341,207,685
3220,53.924,25.538,7.667664,7.296494,0.37117,625.4238,0.797351,0.062158,0.842883,0.094958,81920,51234716,2571,455756,206,687
3240,54.264,25.708,7.669675,7.308304,0.361371,618.238,0.796594,0.061255,0.840845,0.0979,81920,50646061,2546,456204,201,687
3260,54.603,25.875,7.671206,7.317673,0.353533,613.9444,0.794385,0.06073,0.838794,0.100476,81920,50294323,2663,456501,201,689
3280,54.943,26.044,7.670153,7.325577,0.344576,610.4996,0.792639,0.060364,0.840881,0.098755,81920,50012127,2480,456948,191,689
3300,55.289,26.219,7.667283,7.328568,0.338716,614.4256,0.794958,0.060889,0.841162,0.097949,81920,50333749,2504,457252,187,689
3320,55.646,26.404,7.665426,7.331039,0.334386,618.5562,0.793579,0.061316,0.840259,0.098425,81920,50672124,2523,457272,186,692
3340,56.059,26.574,7.660622,7.335617,0.325005,619.7204,0.796912,0.061548,0.838342,0.10011,81920,50767493,2485,457556,179,694
3360,56.413,26.759,7.659351,7.333115,0.326236,633.3233,0.795227,0.063159,0.837109,0.099731,81920,51881847,2401,457360,179,694
3380,56.753,26.93,7.657329,7.335938,0.321391,629.7474,0.798633,0.062781,0.837805,0.099414,81920,51588904,2496,457481,174,694
3400,57.105,27.108,7.658603,7.335434,0.323169,627.2238,0.806616,0.062463,0.839331,0.098206,81920,51382171,2517,457321,175,694
3420,57.444,27.277,7.657883,7.332184,0.325699,624.4713,0.806873,0.062085,0.839355,0.09856,81920,51156688,2572,457044,172,694
3440,57.783,27.445,7.655456,7.330215,0.325241,618.9993,0.8047,0.061377,0.840625,0.097998,81920,50708425,2644,456804,166,694
3460,58.122,27.615,7.65437,7.331406,0.322965,622.0214,0.805627,0.061768,0.840833,0.0974,81920,50955989,2653,456941,167,696
3480,58.463,27.784,7.657897,7.337418,0.32048,619.578,0.801782,0.061523,0.839319,0.099158,81920,50755833,2482,457048,169,698
3500,58.798,27.951,7.658256,7.333893,0.324363,612.6043,0.806445,0.060486,0.840723,0.098792,81920,50184546,2647,456702,171,698
3520,59.139,28.121,7.659923,7.333374,0.326549,618.1174,0.811316,0.061096,0.84115,0.097754,81920,50636178,2499,456376,176,700
3540,59.489,28.292,7.660753,7.333527,0.327226,624.4116,0.816748,0.061853,0.841919,0.096228,81920,51151799,2525,456416,175,700
3560,59.838,28.468,7.659951,7.334869,0.325082,625.578,0.814746,0.062012,0.842114,0.095874,81920,51247347,2432,456481,172,700
3580,60.18,28.637,7.658451,7.329468,0.328984,619.9012,0.818286,0.061377,0.845984,0.092639,81920,50782306,2492,456391,171,700
3600,60.522,28.805,7.655669,7.330917,0.324752,617.3125,0.823193,0.061072,0.848767,0.090161,81920,50570242,2592,456672,171,702
3620,60.863,28.976,7.653008,7.330994,0.322015,627.9109,0.822815,0.062366,0.848206,0.089429,81920,51438461,2512,456585,170,702
3640,61.211,29.152,7.647811,7.327454,0.320357,629.7112,0.819983,0.062573,0.849219,0.088208,81920,51585944,2440,456505,174,704
3660,61.592,29.33,7.644657,7.327484,0.317173,631.6396,0.822485,0.062891,0.848328,0.088782,81920,51743915,2451,456594,175,704
3680,61.934,29.502,7.647123,7.332703,0.31442,635.0098,0.819458,0.063184,0.848743,0.088074,81920,52019999,2466,456836,175,704
3700,62.283,29.679,7.651082,7.334595,0.316488,636.4435,0.814319,0.063354,0.849097,0.087549,81920,52137449,2510,456510,179,710
3720,62.623,29.851,7.649988,7.338486,0.311503,632.6789,0.813843,0.062939,0.848181,0.088879,81920,51829056,2451,456780,182,712
3740,62.968,30.023,7.649191,7.345963,0.303228,627.7572,0.815771,0.062402,0.845459,0.092139,81920,51425866,2444,457168,182,714
3760,63.307,30.192,7.647271,7.351379,0.295891,624.8943,0.819177,0.062024,0.845911,0.092065,81920,51191339,2603,457320,178,716
3780,63.65,30.363,7.647551,7.355667,0.291884,631.0671,0.824573,0.06272,0.845544,0.091736,81920,51697017,2506,457489,180,716
3800,63.993,30.535,7.648343,7.351669,0.296674,635.5901,0.824365,0.063293,0.843921,0.092786,81920,52067544,2580,457369,184,720
3820,64.339,30.707,7.6463,7.353561,0.292739,637.232,0.825073,0.063599,0.84375,0.092651,81920,52202048,2496,457507,184,724
3840,64.68,30.878,7.647317,7.356201,0.291116,629.5015,0.824634,0.062646,0.843579,0.093774,81920,51568760,2592,457451,185,724
3860,65.021,31.05,7.646032,7.356186,0.289846,633.3718,0.828162,0.063123,0.844458,0.092419,81920,51885815,2543,457513,185,724
3880,65.363,31.222,7.648293,7.358795,0.289498,636.5134,0.830896,0.063501,0.844116,0.092383,81920,52143175,2491,457520,186,728
3900,65.707,31.395,7.645611,7.35907,0.286541,642.6009,0.832251,0.064246,0.843005,0.092749,81920,52641868,2539,457692,193,737
3920,66.096,31.573,7.643391,7.354965,0.288425,635.2352,0.83374,0.063367,0.844556,0.092078,81920,52038471,2494,457546,187,737
3940,66.47,31.745,7.642065,7.356567,0.285498,636.3224,0.834375,0.063501,0.847034,0.089465,81920,52127528,2596,457611,183,737
3960,66.817,31.917,7.64165,7.354919,0.28673,633.7718,0.832861,0.063184,0.846875,0.089941,81920,51918583,2424,457541,183,737
3980,67.166,32.097,7.642063,7.357498,0.284565,631.9298,0.834277,0.063062,0.849329,0.08761,81920,51767691,2574,457753,176,737
4000,67.517,32.276,7.641276,7.36058,0.280695,637.5644,0.836328,0.063647,0.848242,0.08811,81920,52229273,2457,457825,174,739
4020,67.862,32.448,7.635284,7.352097,0.283187,631.6367,0.834106,0.06283,0.850842,0.086328,81920,51743677,2542,457399,175,741
4040,68.212,32.625,7.633977,7.355484,0.278493,623.6151,0.83335,0.061804,0.85166,0.086536,81920,51086549,2520,457528,171,742
4060,68.56,32.798,7.634505,7.360123,0.274383,623.5914,0.834607,0.06189,0.850964,0.087146,81920,51084611,2517,457789,169,745
4080,68.939,32.969,7.635673,7.367111,0.268562,624.2575,0.835803,0.062024,0.849634,0.088342,81920,51139171,2497,457978,165,745
4100,69.308,33.165,7.633178,7.365875,0.267303,622.6851,0.834192,0.061829,0.850867,0.087305,81920,51010367,2451,457990,160,745
4120,69.651,33.339,7.630561,7.360565,0.269996,622.4016,0.832764,0.061816,0.850806,0.087378,81920,50987140,2489,457813,161,747
4140,70.007,33.51,7.630135,7.364792,0.265343,622.7475,0.836218,0.061841,0.853308,0.084851,81920,51015477,2559,457889,163,749
4160,70.353,33.685,7.631504,7.365768,0.265735,620.5487,0.837756,0.061511,0.85188,0.086609,81920,50835347,2483,457722,162,751
4180,70.698,33.857,7.631441,7.368835,0.262606,618.9412,0.837476,0.061328,0.853125,0.085547,81920,50703661,2562,457864,165,751
4200,71.043,34.028,7.626396,7.367966,0.25843,614.7467,0.837146,0.060852,0.85387,0.085278,81920,50360047,2517,457906,174,760
4220,71.387,34.201,7.625507,7.370804,0.254703,611.1364,0.837341,0.060278,0.856836,0.082886,81920,50064295,2478,458027,178,762
4240,71.767,34.377,7.624184,7.371292,0.252892,611.4336,0.838477,0.060315,0.856189,0.083496,81920,50088644,2464,458049,173,762
4260,72.12,34.553,7.624669,7.374924,0.249745,615.6773,0.841321,0.060876,0.856958,0.082166,81920,50436281,2528,458389,172,764
4280,72.465,34.724,7.622952,7.370041,0.252911,617.2206,0.839648,0.061072,0.860107,0.078821,81920,50562710,2493,458039,170,764
4300,72.837,34.926,7.622204,7.368195,0.254009,611.0434,0.842773,0.060181,0.86261,0.077209,81920,50056678,2504,457959,170,768
4320,73.215,35.135,7.625859,7.368073,0.257786,617.6026,0.841003,0.061047,0.861707,0.077246,81920,50594007,2545,457764,166,768
4340,73.552,35.304,7.62551,7.36528,0.26023,620.8522,0.839893,0.061536,0.863135,0.07533,81920,50860216,2455,457708,167,770
4360,73.892,35.476,7.626192,7.367142,0.25905,623.4934,0.839343,0.06189,0.862793,0.075317,81920,51076578,2528,457875,167,772
4380,74.237,35.652,7.623026,7.364838,0.258189,619.4756,0.837695,0.061279,0.861304,0.077417,81920,50747445,2518,457784,161,772
4400,74.574,35.823,7.623023,7.369507,0.253516,617.5885,0.839014,0.061084,0.862402,0.076514,81920,50592853,2535,457949,154,772
4420,74.912,35.994,7.621636,7.368088,0.253548,624.7005,0.839465,0.062036,0.860413,0.077551,81920,51175467,2500,457913,147,772
4440,75.264,36.169,7.620301,7.363403,0.256898,621.006,0.842664,0.061572,0.860522,0.077905,81920,50872808,2541,457766,148,775
4460,75.601,36.339,7.620126,7.364212,0.255914,613.0205,0.840027,0.060693,0.858472,0.080835,81920,50218641,2478,457793,149,775
4480,75.986,36.557,7.620844,7.359711,0.261134,610.4243,0.837305,0.060242,0.859338,0.08042,81920,50005956,2560,457705,149,778
4500,76.326,36.727,7.620433,7.361511,0.258922,609.1645,0.837097,0.060059,0.859424,0.080518,81920,49902758,2530,457648,155,779
4520,76.663,36.897,7.624208,7.36557,0.258638,615.9205,0.838245,0.060962,0.859375,0.079663,81920,50456208,2444,457770,160,783
4540,77.03,37.093,7.622505,7.364288,0.258217,616.3231,0.838281,0.06095,0.859082,0.079968,81920,50489192,2485,457610,161,783
4560,77.368,37.264,7.619535,7.361511,0.258023,613.4948,0.837939,0.060645,0.860156,0.079199,81920,50257498,2468,457483,162,785
4580,77.707,37.434,7.620639,7.363419,0.25722,615.731,0.835388,0.060864,0.858752,0.080383,81920,50440686,2507,457551,166,787
4600,78.206,37.711,7.621928,7.366867,0.255061,613.4925,0.833435,0.06062,0.860107,0.079272,81920,50257308,2559,457741,164,787
4620,78.674,38.005,7.622414,7.368881,0.253533,618.3254,0.837488,0.061133,0.861304,0.077563,81920,50653218,2552,457844,166,789
4640,79.015,38.177,7.623504,7.366241,0.257263,614.8696,0.840527,0.060669,0.860657,0.078674,81920,50370115,2529,457607,168,803
4660,79.357,38.35,7.619646,7.364426,0.25522,620.9834,0.838831,0.061462,0.860193,0.078345,81920,50870962,2546,457721,160,805
4680,79.72,38.546,7.614497,7.365067,0.249431,620.5302,0.839587,0.06134,0.862146,0.076514,81920,50833831,2584,457875,157,807
4700,80.058,38.716,7.608852,7.362488,0.246364,615.5784,0.836694,0.060681,0.862329,0.07699,81920,50428181,2451,458082,154,807
4720,80.426,38.895,7.607239,7.360916,0.246322,614.8604,0.837805,0.060754,0.862195,0.077051,81920,50369365,2492,458091,155,811
4740,80.767,39.066,7.604644,7.36348,0.241165,616.2455,0.843811,0.060815,0.863013,0.076172,81920,50482828,2504,458419,157,813
4760,81.113,39.245,7.607105,7.368759,0.238345,619.754,0.843018,0.06123,0.8604,0.078369,81920,50770247,2618,458565,156,815
4780,81.492,39.418,7.606785,7.375839,0.230946,622.2134,0.838928,0.061597,0.859192,0.079211,81920,50971718,2498,458816,150,815
4800,81.836,39.592,7.601785,7.372131,0.229653,617.6075,0.839062,0.06106,0.858228,0.080713,81920,50594407,2527,458601,150,817
4820,82.186,39.769,7.600332,7.373367,0.226965,618.8373,0.839099,0.06106,0.856824,0.082117,81920,50695148,2540,458677,148,817
4840,82.527,39.939,7.599097,7.368973,0.230125,606.0037,0.839856,0.05946,0.85968,0.080859,81920,49643820,2504,458525,148,819
4860,82.908,40.143,7.593392,7.365753,0.227639,607.5269,0.840283,0.059668,0.861206,0.079126,81920,49768606,2491,458530,143,819
4880,83.329,40.356,7.595225,7.366928,0.228297,607.1577,0.835828,0.059607,0.859949,0.080444,81920,49738362,2448,458344,148,823
4900,83.673,40.528,7.591195,7.360825,0.23037,608.2626,0.836755,0.059729,0.862634,0.077637,81920,49828875,2543,458201,147,823
4920,84.01,40.698,7.590447,7.360321,0.230126,608.7772,0.836487,0.059851,0.862988,0.077161,81920,49871027,2490,458233,152,826
4940,84.349,40.869,7.588431,7.36116,0.227271,614.2097,0.837244,0.060498,0.861023,0.078479,81920,50316056,2536,458333,153,826
4960,84.69,41.039,7.587246,7.36348,0.223767,618.7693,0.839856,0.061011,0.861426,0.077563,81920,50689583,2617,458573,151,827
4980,85.075,41.252,7.585659,7.361053,0.224606,616.4855,0.839978,0.060693,0.862817,0.076489,81920,50502496,2481,458360,154,829
5000,85.422,41.426,7.587941,7.364899,0.223043,620.9006,0.836279,0.06134,0.860938,0.077722,81920,50864180,2646,458555,152,829
5020,85.764,41.601,7.586859,7.369202,0.217658,622.0258,0.834045,0.061633,0.858325,0.080042,81920,50956357,2532,458820,148,829
5040,86.107,41.774,7.586237,7.368668,0.217569,616.5152,0.833264,0.060815,0.855505,0.083679,81920,50504927,2541,458771,144,829
5060,86.483,41.955,7.588723,7.369431,0.219292,613.4163,0.839783,0.0604,0.857068,0.082532,81920,50251063,2522,458737,145,829
5080,86.859,42.13,7.591189,7.371323,0.219867,608.7472,0.833936,0.059924,0.853418,0.086658,81920,49868573,2546,458674,148,832
5100,87.223,42.314,7.59074,7.369247,0.221493,609.7787,0.833325,0.06012,0.853833,0.086047,81920,49953072,2506,458376,150,832
5120,87.636,42.525,7.594077,7.367203,0.226875,611.7422,0.829944,0.060266,0.852258,0.087476,81920,50113925,2573,458130,151,834
5140,87.991,42.706,7.599046,7.370255,0.228791,620.8361,0.828516,0.061548,0.849158,0.089294,81920,50858892,2503,458211,156,836
5160,88.339,42.878,7.602428,7.371613,0.230816,625.7359,0.8245,0.062158,0.84906,0.088782,81920,51260286,2549,458232,156,836
5180,88.734,43.092,7.601685,7.374344,0.227341,626.9944,0.820679,0.062415,0.846362,0.091223,81920,51363381,2466,458451,155,836
5200,89.089,43.275,7.601288,7.374741,0.226548,630.9816,0.821533,0.062866,0.842627,0.094507,81920,51690015,2582,458438,154,836
5220,89.458,43.453,7.597974,7.375076,0.222898,626.6429,0.824963,0.062317,0.842163,0.09552,81920,51334586,2557,458735,160,842
5240,89.8,43.628,7.601187,7.379639,0.221548,622.4151,0.829968,0.06189,0.843457,0.094653,81920,50988241,2509,458844,160,842
5260,90.146,43.801,7.605041,7.380493,0.224548,627.0895,0.82998,0.062439,0.844177,0.093384,81920,51371174,2459,458701,159,842
5280,90.504,43.982,7.606356,7.383835,0.222521,627.3446,0.833032,0.062463,0.847668,0.089868,81920,51392067,2466,458678,154,842
5300,90.849,44.156,7.605231,7.380737,0.224493,616.3512,0.835742,0.06106,0.849377,0.089563,81920,50491490,2585,458511,156,847
5320,91.194,44.329,7.606142,7.380997,0.225145,616.0697,0.835986,0.060962,0.850488,0.08855,81920,50468426,2419,458380,151,849
5340,91.559,44.501,7.603603,7.374817,0.228786,618.8634,0.83905,0.061365,0.850586,0.088049,81920,50697291,2482,458017,157,855
5360,91.942,44.689,7.605343,7.372681,0.232662,623.5,0.840344,0.06189,0.850891,0.087219,81920,51077117,2530,457790,159,859
5380,92.287,44.862,7.606307,7.373245,0.233062,620.4876,0.84303,0.061475,0.851904,0.086621,81920,50830342,2514,457831,151,859
5400,92.629,45.036,7.608908,7.374496,0.234412,630.813,0.845081,0.06283,0.851074,0.086096,81920,51676202,2569,457769,158,861
5420,92.977,45.212,7.608408,7.376358,0.23205,627.5735,0.847681,0.062366,0.850427,0.087207,81920,51410821,2526,457932,160,861
5440,93.321,45.385,7.606034,7.371964,0.23407,626.7811,0.847754,0.062378,0.849536,0.088086,81920,51345911,2537,457765,164,861
5460,93.666,45.557,7.60491,7.370224,0.234686,626.0256,0.848328,0.062244,0.850403,0.087354,81920,51284015,2484,457769,160,861
5480,94.008,45.728,7.606753,7.374451,0.232302,615.4166,0.849719,0.060925,0.850574,0.088501,81920,50414926,2548,457913,166,863
5500,94.426,45.903,7.606517,7.366821,0.239695,615.4039,0.847644,0.060901,0.850671,0.088428,81920,50413890,2536,457445,163,865
5520,95.084,46.196,7.606035,7.365494,0.240541,614.671,0.847583,0.060815,0.853003,0.086182,81920,50353849,2546,457320,163,867
5540,95.661,46.557,7.605032,7.363251,0.241782,615.9666,0.846362,0.060938,0.852271,0.086792,81920,50459982,2526,457451,169,871
5560,96.001,46.728,7.604642,7.361145,0.243497,605.172,0.846216,0.059595,0.85553,0.084875,81920,49575690,2561,457518,166,871
5580,96.34,46.898,7.605696,7.359207,0.246489,603.0356,0.84707,0.059412,0.851282,0.089307,81920,49400677,2517,457409,168,873
5600,96.68,47.068,7.605069,7.355026,0.250043,610.303,0.846423,0.060181,0.849146,0.090674,81920,49996025,2513,457270,172,875
5620,97.023,47.241,7.608126,7.359421,0.248705,617.64,0.846899,0.061206,0.849304,0.08949,81920,50597070,2526,457411,175,878
5640,97.371,47.413,7.60807,7.35704,0.251029,625.2752,0.84397,0.062122,0.846643,0.091235,81920,51222547,2462,457262,179,878
5660,97.714,47.586,7.610876,7.358871,0.252005,621.9741,0.845044,0.061731,0.848474,0.089795,81920,50952122,2501,457193,176,878
5680,98.063,47.757,7.609963,7.358749,0.251214,615.9194,0.846765,0.060864,0.850708,0.088428,81920,50456116,2524,457269,177,880
5700,98.409,47.93,7.61199,7.359222,0.252768,618.4586,0.845044,0.061316,0.842566,0.096118,81920,50664131,2521,457067,186,884
5720,98.751,48.103,7.611886,7.357147,0.254739,622.3861,0.845837,0.061658,0.841907,0.096436,81920,50985867,2527,457078,184,888
5740,99.089,48.274,7.612002,7.362427,0.249575,621.122,0.845483,0.061548,0.842834,0.095618,81920,50882312,2617,457344,186,891
5760,99.428,48.444,7.609819,7.356186,0.253633,617.3815,0.845557,0.061157,0.843311,0.095532,81920,50575890,2466,456944,188,893
5780,99.77,48.616,7.610232,7.352768,0.257464,624.8892,0.848364,0.062048,0.84574,0.092212,81920,51190923,2467,456802,188,895
5800,100.113,48.788,7.606888,7.349258,0.25763,628.8856,0.847058,0.062524,0.842261,0.095215,81920,51518305,2554,456578,191,895
5820,100.457,48.961,7.608673,7.350128,0.258545,630.1932,0.841577,0.062744,0.83855,0.098706,81920,51625427,2511,456546,192,897
5840,100.798,49.134,7.611016,7.355515,0.255502,627.5116,0.840332,0.062549,0.837646,0.099805,81920,51405750,2500,456864,192,897
5860,101.137,49.307,7.611676,7.350784,0.260892,638.7254,0.842651,0.063818,0.838464,0.097717,81920,52324387,2535,456453,190,899
5880,101.494,49.48,7.610222,7.343918,0.266304,634.9429,0.842163,0.063354,0.842969,0.093677,81920,52014525,2501,456016,188,904
5900,101.847,49.661,7.611327,7.351974,0.259352,640.0452,0.843347,0.064038,0.843848,0.092114,81920,52432502,2430,456450,183,906
5920,102.232,49.872,7.609775,7.342712,0.267063,636.3356,0.840833,0.063538,0.843652,0.09281,81920,52128611,2487,456021,184,910
5940,102.575,50.044,7.612549,7.342667,0.269882,629.4103,0.838818,0.062646,0.843408,0.093945,81920,51561293,2447,456066,181,910
5960,102.921,50.222,7.6126,7.342392,0.270208,630.6626,0.836169,0.062866,0.842932,0.094202,81920,51663879,2568,455948,178,912
5980,103.267,50.395,7.610289,7.346725,0.263564,632.4925,0.832458,0.063074,0.839868,0.097058,81920,51813782,2446,456314,169,912
6000,103.616,50.571,7.607848,7.34256,0.265288,634.911,0.832922,0.063464,0.836816,0.099719,81920,52011908,2556,456279,176,916
6020,103.961,50.746,7.60853,7.339111,0.269419,645.9177,0.834375,0.064795,0.839966,0.095239,81920,52913575,2435,456136,178,916
6040,104.306,50.923,7.607642,7.326385,0.281257,650.0797,0.834106,0.065247,0.842432,0.092322,81920,53254530,2376,455579,181,916
6060,104.658,51.101,7.606534,7.332397,0.274137,654.6104,0.833301,0.065869,0.837415,0.096716,81920,53625681,2464,456096,177,916
6080,105.014,51.282,7.605853,7.336975,0.268877,657.8032,0.83219,0.066309,0.833594,0.100098,81920,53887238,2523,456579,177,918
6100,105.368,51.463,7.610508,7.346985,0.263523,657.0891,0.824902,0.066333,0.829602,0.104065,81920,53828742,2511,456951,180,922
6120,105.759,51.683,7.607595,7.341843,0.265753,661.3711,0.827429,0.06676,0.828918,0.104321,81920,54179521,2510,456718,179,922
6140,106.108,51.86,7.607586,7.341309,0.266278,658.8866,0.826648,0.066479,0.828503,0.105017,81920,53975991,2490,456716,182,922
6160,106.455,52.035,7.60416,7.337875,0.266285,649.8621,0.825439,0.065283,0.82572,0.108997,81920,53236707,2526,456387,184,922
6180,106.807,52.212,7.60445,7.334534,0.269916,656.4741,0.825342,0.066052,0.824976,0.108972,81920,53778359,2479,456214,183,922
6200,107.162,52.398,7.603388,7.335007,0.268382,659.9708,0.825061,0.066516,0.82876,0.104724,81920,54064807,2516,456528,187,926
6220,107.556,52.623,7.603821,7.335037,0.268783,672.4572,0.820068,0.068054,0.826111,0.105835,81920,55087694,2536,456395,183,928
6240,107.906,52.801,7.606181,7.336472,0.26971,667.6312,0.81969,0.067468,0.823572,0.10896,81920,54692352,2510,456422,183,930
6260,108.255,52.978,7.603321,7.339142,0.264179,659.8786,0.822205,0.066577,0.826648,0.106775,81920,54057253,2500,456598,177,932
6280,108.598,53.153,7.59894,7.336136,0.262804,650.1411,0.821069,0.065442,0.82085,0.113708,81920,53259560,2482,456636,183,938
6300,108.952,53.33,7.59637,7.335617,0.260752,652.4699,0.820544,0.065747,0.815381,0.118872,81920,53450333,2532,456661,180,940
6320,109.298,53.509,7.597091,7.340515,0.256576,660.9271,0.81781,0.066895,0.810559,0.122546,81920,54143152,2489,456827,176,940
6340,109.644,53.686,7.59786,7.340729,0.257131,660.094,0.817773,0.066699,0.809534,0.123767,81920,54074903,2514,456926,178,941
6360,110.022,53.864,7.599821,7.340576,0.259245,660.1374,0.816785,0.066858,0.807153,0.125989,81920,54078458,2541,456810,179,944
6380,110.372,54.043,7.602009,7.339218,0.262791,656.9651,0.815161,0.066479,0.806311,0.127209,81920,53818580,2445,456677,184,947
6400,110.718,54.219,7.604042,7.338806,0.265236,656.3612,0.814526,0.066406,0.804602,0.128992,81920,53769112,2668,456702,184,947
6420,111.065,54.397,7.60401,7.34465,0.25936,653.3143,0.813489,0.06604,0.806775,0.127185,81920,53519508,2566,456930,188,953
6440,111.424,54.572,7.601031,7.34053,0.260501,650.2401,0.817822,0.065649,0.808765,0.125586,81920,53267666,2486,456878,186,953
6460,111.768,54.748,7.599385,7.338806,0.260578,646.8132,0.821887,0.065063,0.810266,0.12467,81920,52986937,2524,457055,191,957
6480,112.126,54.924,7.60058,7.335556,0.265024,648.8795,0.820496,0.065344,0.808667,0.125989,81920,53156210,2535,456754,186,957
6500,112.471,55.099,7.601148,7.339737,0.261411,647.432,0.821545,0.065186,0.810388,0.124426,81920,53037630,2470,457085,179,957
6520,112.999,55.282,7.602486,7.339645,0.262841,644.5862,0.825281,0.064771,0.814563,0.120667,81920,52804500,2496,456742,179,957
6540,113.492,55.458,7.59922,7.337433,0.261787,642.0351,0.825891,0.06438,0.814978,0.120642,81920,52595517,2565,456806,177,958
6560,113.996,55.711,7.601493,7.336014,0.265479,643.5344,0.824927,0.064539,0.812939,0.122522,81920,52718336,2639,456732,180,967
6580,114.523,56.015,7.603679,7.337006,0.266673,646.4027,0.823303,0.064954,0.810303,0.124744,81920,52953306,2512,456699,172,967
6600,114.869,56.192,7.605932,7.335571,0.270361,648.8658,0.823608,0.065344,0.811523,0.123132,81920,53155089,2528,456436,175,967
6620,115.337,56.475,7.60665,7.336914,0.269736,642.0925,0.823828,0.064465,0.814075,0.12146,81920,52600216,2494,456398,172,967
6640,115.771,56.65,7.608307,7.328568,0.27974,641.8653,0.821948,0.064429,0.814709,0.120862,81920,52581604,2536,455784,174,969
6660,116.242,56.949,7.606489,7.331528,0.274961,652.275,0.821179,0.065735,0.816028,0.118237,81920,53434364,2542,455903,175,970
6680,116.594,57.127,7.601741,7.327026,0.274714,656.8233,0.826416,0.066357,0.816321,0.117322,81920,53806964,2457,455934,171,970
6700,116.972,57.333,7.600407,7.326248,0.274159,654.8088,0.830933,0.066077,0.818127,0.115796,81920,53641938,2550,456144,172,970
6720,117.314,57.508,7.601963,7.330368,0.271595,642.5266,0.826733,0.064722,0.820581,0.114697,81920,52635782,2553,456297,179,974
6740,117.655,57.684,7.601464,7.324692,0.276772,652.0626,0.825659,0.065723,0.822021,0.112256,81920,53416970,2533,455988,179,974
6760,117.996,57.859,7.600903,7.323868,0.277036,645.705,0.823523,0.065002,0.821753,0.113245,81920,52896153,2496,456098,177,974
6780,118.337,58.032,7.599889,7.319031,0.280859,638.8083,0.824011,0.06405,0.823938,0.112012,81920,52331172,2501,456090,175,974
6800,118.677,58.206,7.59924,7.320755,0.278485,637.8965,0.821094,0.063989,0.823401,0.11261,81920,52256478,2566,456251,177,974
6820,119.024,58.385,7.599374,7.317505,0.281869,635.2992,0.821057,0.063647,0.827026,0.109326,81920,52043709,2549,456090,188,981
6840,119.377,58.563,7.600734,7.319305,0.281429,641.3458,0.823853,0.064246,0.830078,0.105676,81920,52539046,2497,456138,184,981
6860,119.726,58.742,7.596883,7.316208,0.280675,642.721,0.824146,0.064551,0.831287,0.104163,81920,52651705,2484,456307,180,983
6880,120.069,58.919,7.593919,7.322037,0.271882,646.5192,0.82793,0.064941,0.831262,0.103796,81920,52962852,2531,456729,175,983
6900,120.466,59.144,7.592165,7.3228,0.269365,647.7062,0.824878,0.065186,0.828357,0.106458,81920,53060092,2498,456897,183,991
6920,120.82,59.327,7.592649,7.331314,0.261335,657.0569,0.826282,0.066248,0.827942,0.105811,81920,53826100,2535,457216,181,993
6940,121.167,59.506,7.593738,7.327515,0.266223,656.223,0.825586,0.066223,0.826416,0.107361,81920,53757787,2562,456984,182,993
6960,121.522,59.686,7.592955,7.324707,0.268248,653.8961,0.827136,0.065918,0.826306,0.107776,81920,53567170,2547,456913,183,993
6980,121.877,59.867,7.594984,7.326614,0.26837,658.7993,0.831848,0.066467,0.828149,0.105383,81920,53968840,2607,456771,188,995
7000,122.235,60.048,7.592482,7.325348,0.267134,659.6779,0.83053,0.066626,0.830286,0.103088,81920,54040817,2525,456892,184,999
7020,122.6,60.229,7.591104,7.326996,0.264108,664.1085,0.83208,0.067163,0.829675,0.103162,81920,54403768,2532,456803,184,1001
7040,122.99,60.448,7.586708,7.317505,0.269203,655.118,0.828979,0.065991,0.830298,0.103711,81920,53667267,2459,456394,182,1001
7060,123.337,60.628,7.585752,7.316437,0.269315,665.2139,0.825574,0.067175,0.826343,0.106482,81920,54494324,2590,456323,183,1005
7080,123.686,60.807,7.585372,7.312286,0.273086,665.9817,0.826672,0.067346,0.826392,0.106262,81920,54557217,2439,456240,181,1005
7100,124.037,60.988,7.58043,7.307327,0.273103,678.1088,0.829102,0.068933,0.820984,0.110083,81920,55550669,2459,456229,181,1005
7120,124.39,61.172,7.583074,7.310181,0.272893,690.7481,0.825391,0.070435,0.81875,0.110815,81920,56586088,2467,456344,179,1005
7140,124.744,61.356,7.581642,7.295517,0.286125,689.8852,0.820569,0.0703,0.816016,0.113684,81920,56515395,2495,455647,182,1005
7160,125.092,61.537,7.584372,7.300949,0.283423,685.9338,0.821729,0.069897,0.813806,0.116296,81920,56191693,2584,455880,184,1007
7180,125.441,61.718,7.580993,7.299484,0.281508,673.6169,0.820215,0.068262,0.814941,0.116797,81920,55182698,2477,455980,176,1009
7200,125.866,61.899,7.577928,7.297012,0.280915,682.2758,0.822437,0.069421,0.8151,0.115479,81920,55892032,2537,456013,179,1011
7220,126.437,62.265,7.577779,7.298706,0.279073,680.5543,0.825024,0.069312,0.813342,0.117346,81920,55751011,2537,456190,181,1017
7240,126.823,62.455,7.577821,7.294769,0.283052,692.3539,0.82821,0.070703,0.814722,0.114575,81920,56717634,2593,455967,185,1021
7260,127.308,62.716,7.577596,7.294235,0.283361,692.2925,0.82782,0.07063,0.813477,0.115894,81920,56712605,2521,455804,180,1023
7280,127.786,62.93,7.579074,7.296555,0.28252,692.7313,0.824524,0.070813,0.812085,0.117102,81920,56748548,2447,455982,175,1025
7300,128.513,63.306,7.5817,7.297546,0.284153,705.715,0.824744,0.072339,0.811377,0.116284,81920,57812176,2508,455986,175,1025
7320,129.06,63.676,7.583956,7.299683,0.284273,706.9918,0.823584,0.072595,0.810205,0.1172,81920,57916768,2456,456016,179,1028
7340,129.609,63.873,7.586588,7.306641,0.279947,704.4829,0.824231,0.072278,0.811304,0.116418,81920,57711240,2595,456186,185,1031
7360,130.354,64.263,7.585815,7.307724,0.278091,704.8801,0.821594,0.072241,0.810156,0.117603,81920,57743781,2460,456391,185,1031
7380,130.913,64.635,7.582179,7.310684,0.271495,714.7525,0.820959,0.073474,0.810034,0.116492,81920,58552521,2489,456742,186,1033
7400,131.405,64.949,7.581975,7.3125,0.269475,715.5333,0.823926,0.073364,0.805798,0.120837,81920,58616490,2549,457004,193,1035
7420,131.759,65.136,7.582832,7.316879,0.265953,712.3528,0.822449,0.073022,0.805566,0.121411,81920,58355939,2562,457365,189,1035
7440,132.144,65.353,7.586753,7.323471,0.263281,724.8296,0.817139,0.074634,0.800745,0.124622,81920,59378042,2527,457559,185,1037
7460,132.505,65.544,7.588693,7.323212,0.265481,725.5918,0.818347,0.074707,0.796582,0.128711,81920,59440478,2480,457576,177,1040
7480,132.868,65.736,7.591407,7.320267,0.271141,722.8156,0.818188,0.074426,0.795874,0.1297,81920,59213052,2534,457264,175,1041
7500,133.229,65.925,7.590987,7.320801,0.270187,715.0405,0.819922,0.073547,0.795911,0.130542,81920,58576118,2487,457255,173,1042
7520,133.586,66.113,7.590832,7.315247,0.275585,716.7395,0.819397,0.073865,0.793774,0.132361,81920,58715303,2511,456936,172,1042
7540,133.947,66.3,7.591019,7.316223,0.274796,725.3743,0.818445,0.074841,0.793848,0.131311,81920,59422659,2467,456810,178,1046
7560,134.315,66.498,7.59147,7.315628,0.275841,735.0018,0.81582,0.076074,0.793469,0.130457,81920,60211349,2467,456882,185,1048
7580,134.679,66.694,7.591111,7.318024,0.273088,742.1561,0.815283,0.07688,0.791895,0.131226,81920,60797428,2479,456928,187,1048
7600,135.102,66.888,7.59074,7.314835,0.275905,737.3609,0.814331,0.076379,0.792822,0.130798,81920,60404601,2502,456729,191,1051
7620,135.478,67.085,7.587882,7.307907,0.279974,741.4776,0.810876,0.076892,0.793298,0.12981,81920,60741847,2511,456386,188,1051
7640,135.848,67.279,7.589937,7.306503,0.283434,739.7305,0.811804,0.076636,0.797009,0.126355,81920,60598723,2438,456315,187,1051
7660,136.222,67.475,7.590524,7.309677,0.280847,737.0617,0.811194,0.076379,0.795227,0.128394,81920,60380097,2451,456489,189,1053
7680,136.587,67.665,7.589764,7.311661,0.278104,734.939,0.811414,0.076038,0.796741,0.127222,81920,60206200,2572,456701,187,1053
7700,136.971,67.857,7.589917,7.307098,0.282819,728.9531,0.812903,0.075232,0.798218,0.12655,81920,59715835,2450,456671,187,1053
7720,137.335,68.046,7.589632,7.304825,0.284807,729.083,0.813013,0.075256,0.800562,0.124182,81920,59726481,2519,456618,193,1053
7740,137.693,68.237,7.589605,7.298233,0.291372,730.1027,0.813623,0.075305,0.801904,0.122791,81920,59810010,2492,456337,198,1059
7760,138.052,68.426,7.589844,7.301956,0.287887,732.7187,0.811951,0.075562,0.803064,0.121375,81920,60024314,2481,456633,197,1059
7780,138.409,68.615,7.59042,7.299927,0.290493,735.5409,0.813916,0.075891,0.805078,0.119031,81920,60255510,2394,456298,195,1061
7800,138.814,68.853,7.591536,7.300385,0.291151,729.0293,0.814014,0.075183,0.806726,0.118091,81920,59722080,2550,456427,192,1064
7820,139.176,69.047,7.591347,7.298645,0.292702,727.7798,0.812378,0.074976,0.809924,0.1151,81920,59619718,2442,456371,192,1066
7840,139.535,69.236,7.591633,7.304642,0.286991,724.2196,0.815527,0.074512,0.8104,0.115088,81920,59328066,2572,456793,196,1068
7860,139.893,69.425,7.588597,7.289017,0.299581,727.4406,0.821216,0.074963,0.80885,0.116187,81920,59591937,2541,455814,198,1071
7880,140.257,69.618,7.58615,7.280548,0.305602,725.9251,0.822156,0.074768,0.810706,0.114526,81920,59467782,2565,455318,193,1073
7900,140.617,69.806,7.587133,7.287003,0.30013,719.6839,0.823096,0.073987,0.813391,0.112622,81920,58956507,2569,455660,194,1077
7920,140.973,69.993,7.584717,7.285812,0.298904,718.7322,0.82782,0.073816,0.814893,0.111292,81920,58878541,2528,455609,192,1079
7940,141.332,70.18,7.587875,7.28949,0.298385,721.6546,0.824719,0.074182,0.818848,0.10697,81920,59117948,2591,455811,191,1079
7960,141.69,70.368,7.58616,7.288925,0.297235,724.9206,0.823633,0.074622,0.818213,0.107166,81920,59385497,2546,455759,196,1084
7980,142.155,70.556,7.587661,7.282089,0.305572,727.0378,0.824939,0.074878,0.81969,0.105432,81920,59558936,2517,455315,194,1086
8000,142.542,70.746,7.585798,7.281845,0.303953,723.247,0.820801,0.074292,0.820264,0.105444,81920,59248391,2422,455329,185,1088
8020,142.912,70.942,7.584054,7.283585,0.30047,709.2055,0.818262,0.072583,0.822058,0.105359,81920,58098114,2501,455421,181,1088
8040,143.326,71.132,7.582209,7.280411,0.301798,702.1703,0.819629,0.071753,0.821924,0.106323,81920,57521794,2546,455298,184,1093
8060,143.682,71.317,7.579567,7.28183,0.297737,699.8319,0.823022,0.071387,0.823535,0.105078,81920,57330231,2574,455478,186,1095
8080,144.04,71.502,7.575774,7.273941,0.301833,698.1768,0.821252,0.071265,0.821643,0.107092,81920,57194644,2621,455245,181,1095
8100,144.392,71.685,7.571276,7.270218,0.301059,692.3472,0.824158,0.070544,0.825757,0.103699,81920,56717079,2580,455088,181,1097
8120,144.746,71.869,7.567114,7.270065,0.297048,696.8474,0.82915,0.071155,0.826587,0.102258,81920,57085736,2552,455468,182,1097
8140,145.113,72.064,7.568747,7.273041,0.295706,706.6951,0.835498,0.072205,0.825635,0.102161,81920,57892463,2545,455583,180,1097
8160,145.466,72.25,7.567115,7.272736,0.294379,708.5483,0.83418,0.072363,0.826001,0.101636,81920,58044280,2484,455360,182,1097
8180,145.824,72.435,7.56549,7.271912,0.293579,707.4215,0.835278,0.072327,0.825366,0.102307,81920,57951969,2561,455493,187,1099
8200,146.181,72.621,7.567038,7.275726,0.291312,699.824,0.831873,0.071411,0.826904,0.101685,81920,57329578,2514,455671,185,1101
8220,146.54,72.811,7.566622,7.278473,0.288149,705.0114,0.832556,0.07196,0.825269,0.102771,81920,57754534,2533,455712,187,1103
8240,146.893,72.995,7.566793,7.280533,0.28626,697.0543,0.833923,0.070935,0.82843,0.100635,81920,57102685,2524,455805,185,1107
8260,147.252,73.184,7.563997,7.273209,0.290789,687.1163,0.835107,0.069617,0.831567,0.098816,81920,56288566,2509,455229,189,1110
8280,147.614,73.375,7.56674,7.277313,0.289427,690.6077,0.83562,0.070105,0.830298,0.099597,81920,56574584,2540,455520,191,1112
8300,147.976,73.568,7.568992,7.280853,0.288139,691.694,0.833411,0.070312,0.830798,0.098889,81920,56663572,2578,455685,199,1116
8320,148.332,73.75,7.570918,7.285736,0.285182,684.296,0.830981,0.069324,0.830859,0.099817,81920,56057530,2492,455773,198,1118
8340,148.692,73.939,7.573739,7.293427,0.280312,686.4303,0.830884,0.069653,0.827917,0.102429,81920,56232368,2599,456235,195,1120
8360,149.045,74.123,7.57466,7.293503,0.281157,682.1757,0.830872,0.069128,0.825366,0.105505,81920,55883834,2579,456295,193,1120
8380,149.395,74.304,7.579755,7.297363,0.282392,679.5102,0.828857,0.068896,0.827563,0.10354,81920,55665476,2482,456312,189,1120
8400,149.75,74.488,7.576624,7.298431,0.278192,681.4648,0.82887,0.069165,0.824683,0.106152,81920,55825595,2542,456476,183,1120
8420,150.114,74.676,7.57832,7.300369,0.277951,684.6903,0.828552,0.069519,0.824524,0.105957,81920,56089827,2510,456517,183,1123
8440,150.468,74.859,7.579957,7.306641,0.273316,689.5564,0.829236,0.070081,0.821558,0.108362,81920,56488463,2521,456958,186,1130
8460,150.821,75.043,7.577583,7.303284,0.2743,686.0854,0.828296,0.069592,0.820325,0.110083,81920,56204119,2503,456955,188,1136
8480,151.178,75.23,7.575285,7.297974,0.277311,695.5502,0.83103,0.070715,0.821094,0.108191,81920,56979472,2509,456782,185,1136
8500,151.533,75.414,7.575515,7.30484,0.270675,697.0941,0.832214,0.070959,0.820312,0.108728,81920,57105947,2554,457166,184,1138
8520,151.886,75.598,7.573911,7.305389,0.268522,698.4887,0.834082,0.071216,0.820349,0.108435,81920,57220191,2505,457342,183,1138
8540,152.242,75.783,7.576297,7.306778,0.269519,700.1364,0.834387,0.071362,0.820886,0.107751,81920,57355171,2577,457232,180,1138
8560,152.595,75.968,7.579693,7.313324,0.266369,702.8901,0.833752,0.071814,0.819873,0.108313,81920,57580758,2482,457393,178,1140
8580,152.955,76.158,7.578574,7.31163,0.266943,713.8063,0.83446,0.073193,0.818799,0.108008,81920,58475009,2540,457180,182,1145
8600,153.319,76.348,7.577414,7.308426,0.268988,724.8404,0.83584,0.0745,0.820923,0.104578,81920,59378929,2550,456831,181,1147
8620,153.678,76.535,7.580412,7.305542,0.27487,717.3016,0.836609,0.073608,0.822656,0.103735,81920,58761351,2442,456823,185,1147
8640,154.07,76.758,7.577096,7.306641,0.270455,709.8776,0.836853,0.072668,0.825403,0.101929,81920,58153171,2475,456898,183,1148
8660,154.426,76.944,7.575904,7.302353,0.273551,712.3859,0.835352,0.072888,0.827893,0.099219,81920,58358652,2478,456725,178,1148
8680,154.794,77.14,7.576868,7.301285,0.275583,704.3792,0.833887,0.071899,0.827869,0.100232,81920,57702741,2534,456613,180,1150
8700,155.167,77.336,7.57727,7.299042,0.278228,707.6211,0.835059,0.072388,0.828137,0.099475,81920,57968319,2449,456402,180,1150
8720,155.561,77.544,7.581988,7.302963,0.279025,704.3343,0.835645,0.071826,0.83103,0.097144,81920,57699066,2524,456530,182,1157
8740,155.926,77.734,7.579992,7.301987,0.278005,704.2579,0.838074,0.071814,0.83252,0.095667,81920,57692804,2564,456511,185,1165
8760,156.323,77.918,7.579492,7.294571,0.284921,699.4758,0.842358,0.071179,0.838586,0.090234,81920,57301056,2519,456127,175,1165
8780,156.694,78.107,7.575556,7.291428,0.284128,707.1591,0.843091,0.072156,0.839978,0.087866,81920,57930471,2526,456191,176,1169
8800,157.077,78.319,7.575182,7.291672,0.28351,703.7625,0.844299,0.071741,0.837024,0.091235,81920,57652227,2409,456371,178,1169
8820,157.485,78.552,7.573038,7.289917,0.283121,699.3365,0.84364,0.071228,0.836975,0.091797,81920,57289650,2535,456265,177,1170
8840,157.858,78.738,7.574044,7.291885,0.282158,709.2722,0.845349,0.072498,0.836438,0.091064,81920,58103577,2493,456270,178,1173
8860,158.238,78.945,7.574744,7.290298,0.284446,705.2248,0.844958,0.072021,0.837183,0.090796,81920,57772014,2623,456265,175,1173
8880,158.604,79.132,7.576768,7.291046,0.285721,703.8615,0.844714,0.07179,0.838562,0.089648,81920,57660332,2495,456366,180,1179
8900,158.963,79.316,7.575474,7.295334,0.28014,694.3592,0.849109,0.070581,0.838367,0.091052,81920,56881909,2542,456518,177,1185
8920,159.326,79.499,7.575585,7.299454,0.276131,688.2501,0.850623,0.069836,0.837463,0.0927,81920,56381447,2481,456841,175,1185
8940,159.733,79.732,7.574731,7.299454,0.275278,684.6127,0.852234,0.069434,0.835901,0.094666,81920,56083473,2511,457034,172,1190
8960,160.088,79.915,7.574935,7.301468,0.273467,685.3365,0.850037,0.069556,0.832507,0.097937,81920,56142767,2494,457036,174,1194
8980,160.446,80.099,7.575263,7.304901,0.270362,681.9647,0.849585,0.069067,0.830762,0.100171,81920,55866549,2399,457178,173,1196
9000,160.798,80.281,7.571497,7.303391,0.268106,681.5523,0.848792,0.069055,0.830469,0.100476,81920,55832768,2453,457247,172,1196
9020,161.149,80.464,7.570759,7.303329,0.267429,689.9002,0.849915,0.070105,0.829431,0.100464,81920,56516626,2537,457302,171,1198
9040,161.546,80.649,7.569512,7.303345,0.266167,699.0676,0.849817,0.071179,0.828674,0.100146,81920,57267617,2500,457267,172,1198
9060,161.934,80.858,7.57164,7.305481,0.266159,708.6782,0.852747,0.072388,0.828906,0.098706,81920,58054918,2493,457324,169,1198
9080,162.299,81.045,7.569603,7.301285,0.268318,696.9746,0.850452,0.070667,0.829602,0.099731,81920,57096160,2474,457123,174,1202
9100,162.663,81.233,7.56922,7.30249,0.26673,695.2317,0.852356,0.070569,0.831042,0.098389,81920,56953382,2615,457096,173,1202
9120,163.048,81.443,7.569565,7.304428,0.265137,692.9437,0.852319,0.070361,0.830725,0.098914,81920,56765947,2472,456980,174,1205
9140,163.408,81.629,7.56704,7.297195,0.269845,683.5249,0.854407,0.069116,0.8328,0.098083,81920,55994361,2522,456676,180,1210
9160,163.765,81.813,7.566959,7.301132,0.265827,681.393,0.855579,0.068921,0.83324,0.097839,81920,55819715,2536,456851,178,1210
9180,164.122,81.997,7.56915,7.302017,0.267133,685.2388,0.854333,0.069385,0.834497,0.096118,81920,56134761,2500,456906,179,1212
9200,164.481,82.181,7.569404,7.305145,0.264258,678.6792,0.85614,0.068604,0.833582,0.097815,81920,55597400,2444,457032,180,1214
9220,164.834,82.363,7.567094,7.300369,0.266725,681.7879,0.854529,0.069019,0.832666,0.098315,81920,55852067,2416,456848,186,1220
9240,165.193,82.548,7.567008,7.301941,0.265067,687.3786,0.854199,0.069702,0.831201,0.099097,81920,56310056,2546,456963,180,1222
9260,165.561,82.734,7.565613,7.303528,0.262085,690.0727,0.85531,0.070129,0.830603,0.099268,81920,56530755,2488,457239,173,1222
9280,165.958,82.922,7.56599,7.306519,0.259472,690.6029,0.854456,0.070276,0.827795,0.101929,81920,56574193,2593,457237,170,1224
9300,166.309,83.104,7.565084,7.300781,0.264303,691.017,0.857971,0.070337,0.830945,0.098718,81920,56608109,2604,457085,173,1224
9320,166.659,83.284,7.561039,7.298279,0.262761,675.439,0.856958,0.068408,0.831409,0.100183,81920,55331965,2461,457141,179,1229
9340,167.005,83.463,7.559602,7.298752,0.26085,670.3905,0.851489,0.067773,0.829065,0.103162,81920,54918393,2395,457201,181,1229
9360,167.352,83.641,7.561015,7.302795,0.258219,666.4249,0.851453,0.067261,0.827893,0.104846,81920,54593528,2532,457375,182,1231
9380,167.704,83.819,7.562207,7.293732,0.268475,662.0336,0.850916,0.066797,0.823962,0.109241,81920,54233790,2536,456882,187,1233
9400,168.058,84.001,7.562734,7.300262,0.262472,659.2551,0.847229,0.066443,0.824951,0.108606,81920,54006177,2530,457191,182,1233
9420,168.432,84.191,7.563691,7.297928,0.265763,654.8508,0.850061,0.065747,0.829504,0.104749,81920,53645375,2526,457051,178,1235
9440,168.794,84.378,7.564563,7.296906,0.267658,656.5797,0.851282,0.066052,0.829883,0.104065,81920,53787011,2562,457016,177,1235
9460,169.145,84.556,7.56845,7.299927,0.268523,655.0635,0.851257,0.065833,0.826733,0.107434,81920,53662800,2466,456892,184,1240
9480,169.496,84.737,7.566823,7.293701,0.273122,658.2506,0.850525,0.066309,0.826672,0.107019,81920,53923893,2555,456555,188,1244
9500,169.845,84.916,7.56646,7.294373,0.272087,658.205,0.850891,0.066272,0.827063,0.106665,81920,53920157,2564,456638,181,1244
9520,170.201,85.102,7.566001,7.300323,0.265678,664.9495,0.8505,0.06709,0.82804,0.104871,81920,54472667,2459,456892,184,1246
9540,170.552,85.281,7.564701,7.298462,0.266239,670.9995,0.852197,0.06781,0.82699,0.1052,81920,54968281,2529,456844,187,1248
9560,170.899,85.46,7.566505,7.297638,0.268868,666.6308,0.851257,0.067261,0.825879,0.10686,81920,54610392,2528,456723,192,1253
9580,171.248,85.639,7.56619,7.304932,0.261258,670.0723,0.85105,0.067822,0.820422,0.111755,81920,54892322,2460,457204,190,1253
9600,171.6,85.82,7.562699,7.297028,0.265672,666.7355,0.846399,0.067444,0.815564,0.116992,81920,54618976,2608,456910,188,1253
9620,171.949,85.999,7.560221,7.294922,0.265299,664.9419,0.846362,0.067212,0.818884,0.113904,81920,54472038,2522,456876,184,1253
9640,172.306,86.18,7.564439,7.298401,0.266038,666.1972,0.847607,0.067456,0.818604,0.11394,81920,54574875,2503,456753,183,1253
9660,172.667,86.363,7.566058,7.300049,0.26601,670.7289,0.846277,0.067993,0.81759,0.114417,81920,54946111,2552,456679,178,1253
9680,173.016,86.542,7.569571,7.300354,0.269217,668.5296,0.845105,0.067651,0.818372,0.113977,81920,54765945,2519,456444,178,1253
9700,173.379,86.722,7.570104,7.305878,0.264226,661.5378,0.846423,0.066663,0.818872,0.114465,81920,54193175,2516,456758,177,1254
9720,173.731,86.903,7.570783,7.299896,0.270887,658.4949,0.846753,0.066443,0.818274,0.115283,81920,53943899,2534,456474,176,1254
9740,174.081,87.083,7.571258,7.296448,0.27481,657.8749,0.847351,0.066406,0.819751,0.113843,81920,53893113,2551,456272,173,1260
9760,174.491,87.26,7.567789,7.29126,0.276529,652.8993,0.848389,0.065735,0.821594,0.112671,81920,53485508,2521,456260,174,1260
9780,174.877,87.459,7.566165,7.294037,0.272128,651.31,0.848682,0.065698,0.819238,0.115063,81920,53355314,2470,456377,176,1262
9800,175.231,87.64,7.566367,7.29216,0.274207,658.4281,0.851807,0.066553,0.816235,0.117212,81920,53938431,2446,456224,179,1264
9820,175.593,87.828,7.564435,7.289963,0.274473,650.9025,0.8505,0.065601,0.816199,0.118201,81920,53321935,2600,456091,182,1267
9840,175.96,88.006,7.559587,7.288834,0.270754,648.1591,0.852087,0.065259,0.815747,0.118994,81920,53097191,2648,456109,183,1270
9860,176.319,88.182,7.557868,7.282959,0.274909,650.114,0.849756,0.065466,0.816187,0.118347,81920,53257340,2563,455805,176,1270
9880,176.677,88.363,7.560662,7.284012,0.27665,659.3248,0.851184,0.066638,0.812354,0.121008,81920,54011891,2554,455792,174,1272
9900,177.042,88.55,7.563799,7.285461,0.278337,670.693,0.844861,0.068176,0.810522,0.121301,81920,54943170,2559,455762,178,1279
9920,177.399,88.73,7.566075,7.281433,0.284642,668.7071,0.843445,0.067908,0.807312,0.12478,81920,54780482,2528,455524,176,1279
9940,177.752,88.909,7.566832,7.284882,0.281951,663.4082,0.842334,0.067224,0.80542,0.127356,81920,54346398,2468,455665,174,1282
9960,178.106,89.089,7.569409,7.287704,0.281705,665.317,0.839307,0.067444,0.804187,0.128369,81920,54502767,2481,455738,174,1282
9980,178.548,89.282,7.57151,7.286835,0.284676,671.8845,0.835388,0.068335,0.801343,0.130322,81920,55040777,2500,455640,181,1284
10000,178.908,89.466,7.569947,7.283432,0.286515,680.3593,0.8354,0.069385,0.798828,0.131787,81920,55735036,2500,455527,182,1284
10020,179.264,89.647,7.572455,7.285461,0.286993,678.1352,0.835657,0.069177,0.798828,0.131995,81920,55552833,2510,455546,179,1284
10040,179.843,90.0,7.569912,7.277725,0.292187,675.9055,0.83833,0.068872,0.798682,0.132446,81920,55370178,2466,455303,181,1286
10060,180.302,90.23,7.570109,7.281921,0.288188,674.9442,0.837866,0.068787,0.797461,0.133752,81920,55291430,2581,455623,181,1286
10080,180.727,90.425,7.569211,7.283554,0.285657,675.7968,0.836719,0.068872,0.797375,0.133752,81920,55361271,2582,455640,175,1286
10100,181.093,90.624,7.567647,7.278915,0.288731,673.8866,0.833948,0.068518,0.798596,0.132886,81920,55204793,2574,455198,177,1286
10120,181.474,90.801,7.564891,7.278381,0.28651,668.4202,0.833582,0.067993,0.797729,0.134277,81920,54756984,2515,455234,182,1291
10140,181.838,90.99,7.563904,7.275528,0.288376,684.4657,0.837341,0.069849,0.797839,0.132312,81920,56071434,2465,455206,182,1291
10160,182.195,91.171,7.562281,7.273849,0.288431,683.202,0.83623,0.069666,0.796143,0.134192,81920,55967906,2631,455319,180,1291
10180,182.55,91.355,7.562432,7.272308,0.290123,686.8325,0.833521,0.070142,0.795239,0.134619,81920,56265316,2537,455255,181,1291
10200,182.937,91.537,7.56202,7.269257,0.292764,686.3844,0.835791,0.070166,0.796277,0.133557,81920,56228608,2606,454939,180,1296
10220,183.316,91.741,7.553981,7.261337,0.292644,679.042,0.838562,0.069238,0.796777,0.133984,81920,55627117,2445,454763,176,1296
10240,183.677,91.929,7.548652,7.255051,0.293602,684.8782,0.836841,0.069958,0.799365,0.130676,81920,56105222,2592,454814,178,1299
10260,184.033,92.113,7.548002,7.255341,0.292662,689.5336,0.840076,0.070422,0.801941,0.127637,81920,56486596,2596,454778,174,1301
10280,184.386,92.296,7.548442,7.26416,0.284282,685.3446,0.839526,0.069885,0.803809,0.126306,81920,56143429,2502,455349,172,1303
10300,184.74,92.477,7.550629,7.258789,0.29184,689.6479,0.837244,0.070386,0.804614,0.125,81920,56495958,2541,454945,177,1309
10320,185.101,92.662,7.54681,7.254028,0.292782,695.5349,0.835486,0.071106,0.806348,0.122546,81920,56978217,2459,455053,175,1314
10340,185.467,92.853,7.544139,7.253464,0.290675,703.6265,0.838977,0.072119,0.809924,0.117957,81920,57641083,2549,455237,174,1317
10360,185.825,93.041,7.540887,7.249252,0.291635,704.2022,0.840979,0.07218,0.809473,0.118347,81920,57688245,2483,454850,173,1321
10380,186.22,93.259,7.538671,7.244339,0.294332,704.6486,0.841418,0.072205,0.810706,0.11709,81920,57724817,2478,454790,183,1331
10400,186.621,93.491,7.538145,7.24614,0.292005,697.5674,0.840344,0.071289,0.807935,0.120776,81920,57144725,2463,454964,184,1333
10420,186.976,93.677,7.537661,7.24556,0.292101,707.3844,0.841357,0.072595,0.809497,0.117908,81920,57948934,2486,455113,178,1333
10440,187.327,93.859,7.540302,7.247131,0.293171,700.3471,0.839331,0.071741,0.810522,0.117737,81920,57372436,2468,454896,179,1335
10460,187.681,94.043,7.540486,7.247192,0.293294,698.2352,0.842908,0.071252,0.813867,0.11488,81920,57199424,2523,454991,176,1335
10480,188.04,94.231,7.543333,7.250137,0.293196,701.6855,0.8427,0.071704,0.816858,0.111438,81920,57482075,2592,455156,179,1335
10500,188.399,94.416,7.54372,7.257523,0.286198,702.16,0.841638,0.071838,0.817041,0.111121,81920,57520950,2544,455586,177,1335
10520,188.762,94.605,7.54359,7.253128,0.290462,709.8251,0.839722,0.072791,0.81748,0.109729,81920,58148873,2460,455309,173,1335
10540,189.137,94.793,7.541991,7.252777,0.289213,708.1775,0.840979,0.072473,0.81731,0.110217,81920,58013898,2538,455318,179,1335
10560,189.501,94.986,7.544056,7.252655,0.291401,711.4249,0.839771,0.072864,0.813403,0.113733,81920,58279929,2487,455208,181,1337
10580,189.858,95.173,7.545728,7.25853,0.287198,718.2336,0.838806,0.073767,0.815161,0.111072,81920,58837699,2545,455377,183,1337
10600,190.213,95.356,7.546689,7.260223,0.286466,698.3803,0.838733,0.071216,0.817517,0.111267,81920,57211314,2487,455653,184,1337
10620,190.573,95.547,7.549048,7.257782,0.291266,698.9694,0.838257,0.071252,0.819507,0.109241,81920,57259570,2512,455398,183,1337
10640,190.927,95.731,7.549962,7.256927,0.293035,692.4431,0.83927,0.070508,0.817651,0.111841,81920,56724935,2466,455253,183,1339
10660,191.337,95.967,7.547585,7.257965,0.28962,690.9224,0.840283,0.070386,0.816003,0.113611,81920,56600359,2510,455463,182,1341
10680,191.693,96.15,7.546111,7.260834,0.285277,690.0521,0.840344,0.070239,0.815149,0.114612,81920,56529068,2535,455905,180,1342
10700,192.045,96.333,7.549003,7.253738,0.295265,691.1652,0.839441,0.070349,0.814697,0.114954,81920,56620252,2396,455471,184,1344
10720,192.442,96.556,7.55169,7.258209,0.293481,686.8424,0.842419,0.069775,0.819116,0.111108,81920,56266131,2448,455575,185,1346
10740,192.798,96.74,7.549609,7.255005,0.294604,697.3036,0.839355,0.070996,0.81687,0.112134,81920,57123110,2519,455456,191,1346
10760,193.154,96.925,7.550065,7.25325,0.296815,692.6636,0.839062,0.070325,0.816211,0.113464,81920,56743002,2373,455350,194,1351
10780,193.513,97.111,7.550123,7.250732,0.299391,691.5072,0.841736,0.070154,0.816846,0.113,81920,56648268,2603,455342,195,1351
10800,193.872,97.296,7.552328,7.256546,0.295782,707.2145,0.839441,0.072156,0.817896,0.109949,81920,57935011,2624,455635,190,1353
10820,194.232,97.486,7.551005,7.257126,0.293879,706.8014,0.837537,0.072144,0.819434,0.108423,81920,57901172,2435,455693,190,1356
10840,194.586,97.671,7.553438,7.257431,0.296007,698.6888,0.837524,0.071191,0.822876,0.105933,81920,57236588,2525,455470,189,1356
10860,194.942,97.854,7.552988,7.255783,0.297204,693.2364,0.840527,0.070386,0.822913,0.106702,81920,56789927,2503,455305,188,1356
10880,195.301,98.04,7.552269,7.25798,0.294288,705.9685,0.838501,0.072021,0.818274,0.109705,81920,57832941,2528,455551,193,1360
10900,195.66,98.224,7.550672,7.254547,0.296125,700.7073,0.836267,0.071375,0.818982,0.109644,81920,57401941,2550,455403,187,1360
10920,196.022,98.414,7.54849,7.254745,0.293745,700.7132,0.836499,0.071436,0.819177,0.109387,81920,57402427,2600,455372,188,1360
10940,196.378,98.599,7.548956,7.250916,0.298041,704.0543,0.83717,0.071802,0.818872,0.109326,81920,57676130,2457,454960,190,1365
10960,196.736,98.784,7.545724,7.245255,0.300469,698.042,0.839844,0.071106,0.821521,0.107373,81920,57183597,2488,454811,186,1365
10980,197.097,98.971,7.542209,7.237762,0.304446,696.0817,0.842529,0.070813,0.82157,0.107617,81920,57023009,2523,454583,185,1365
11000,197.454,99.157,7.537579,7.231842,0.305736,699.5287,0.843201,0.07113,0.821069,0.1078,81920,57305393,2650,454558,183,1367
11020,197.821,99.347,7.541099,7.23085,0.310248,704.5961,0.848572,0.071753,0.823352,0.104895,81920,57720509,2478,454591,189,1369
11040,198.185,99.539,7.535718,7.233093,0.302625,697.5842,0.847424,0.070898,0.8224,0.106702,81920,57146096,2572,454793,189,1373
11060,198.587,99.728,7.529525,7.232269,0.297255,719.4749,0.848792,0.073621,0.81759,0.108789,81920,58939382,2515,455124,187,1375
11080,198.958,99.921,7.530628,7.224182,0.306446,726.3963,0.847961,0.074609,0.818005,0.107385,81920,59506388,2461,454606,182,1375
11100,199.32,100.112,7.530312,7.230759,0.299553,737.1256,0.847729,0.075964,0.815112,0.108923,81920,60385333,2601,455004,188,1377
11120,199.691,100.307,7.525644,7.227585,0.298059,747.4536,0.84834,0.077197,0.813232,0.10957,81920,61231401,2568,455061,185,1377
11140,200.061,100.502,7.525622,7.229004,0.296618,736.4773,0.84856,0.075928,0.817065,0.107007,81920,60332217,2558,454959,181,1377
11160,200.426,100.693,7.521908,7.219467,0.302441,733.2809,0.851379,0.075427,0.820032,0.104541,81920,60070372,2394,454775,188,1390
11180,200.791,100.884,7.515521,7.215134,0.300387,727.1373,0.849316,0.074756,0.822009,0.103235,81920,59567091,2540,454892,194,1392
11200,201.165,101.081,7.514986,7.211807,0.303179,731.0205,0.852832,0.075305,0.823157,0.101538,81920,59885200,2511,454767,185,1392
11220,201.532,101.273,7.514702,7.211975,0.302727,725.9298,0.853784,0.074561,0.825073,0.100366,81920,59468168,2497,454594,185,1395
11240,201.899,101.465,7.513401,7.200027,0.313374,720.1033,0.852856,0.073743,0.826086,0.100171,81920,58990861,2515,454050,182,1396
11260,202.264,101.654,7.513066,7.193619,0.319447,712.2148,0.851587,0.072754,0.827258,0.099988,81920,58344633,2573,453768,179,1396
11280,202.627,101.843,7.512778,7.196686,0.316093,717.6583,0.852698,0.073535,0.824585,0.10188,81920,58790570,2492,453775,182,1396
11300,202.996,102.032,7.511419,7.194794,0.316626,710.5752,0.853223,0.072546,0.82655,0.100903,81920,58210319,2554,453777,183,1398
11320,203.365,102.227,7.513715,7.199753,0.313962,712.6358,0.856177,0.072717,0.828821,0.098462,81920,58379125,2466,453979,183,1400
11340,203.729,102.416,7.510119,7.193161,0.316957,715.7537,0.859546,0.073132,0.829895,0.096973,81920,58634540,2575,453842,173,1400
11360,204.097,102.607,7.510741,7.200638,0.310103,725.4154,0.855701,0.074524,0.828223,0.097253,81920,59426030,2458,454351,172,1400
11380,204.463,102.797,7.50961,7.201263,0.308346,718.8554,0.853625,0.073682,0.825342,0.100977,81920,58888634,2529,454555,175,1402
11400,204.843,102.989,7.513814,7.205093,0.30872,714.576,0.855688,0.073108,0.826855,0.100037,81920,58538069,2540,454538,179,1404
11420,205.21,103.181,7.513833,7.205154,0.308679,715.9022,0.857947,0.073267,0.828992,0.097742,81920,58646709,2575,454375,179,1404
11440,205.573,103.368,7.515377,7.204315,0.311062,717.6933,0.856506,0.073413,0.830835,0.095752,81920,58793438,2539,454334,176,1404
11460,205.937,103.557,7.5165,7.205582,0.310918,717.9693,0.856445,0.073401,0.830396,0.096204,81920,58816048,2499,454472,178,1406
11480,206.315,103.761,7.517259,7.210007,0.307252,727.933,0.8547,0.074634,0.82998,0.095386,81920,59632272,2461,454857,180,1408
11500,206.678,103.949,7.51784,7.214386,0.303454,722.0112,0.852673,0.07395,0.830054,0.095996,81920,59147156,2478,454926,178,1408
11520,207.084,104.142,7.516211,7.213333,0.302878,724.0093,0.853296,0.074133,0.82937,0.096497,81920,59310838,2492,454960,182,1418
11540,207.55,104.394,7.514903,7.219604,0.295299,716.5371,0.852954,0.073267,0.830627,0.096106,81920,58698720,2580,455376,192,1428
11560,207.989,104.583,7.516966,7.221878,0.295088,726.6377,0.856775,0.074561,0.829871,0.095569,81920,59526158,2487,455445,194,1432
11580,208.353,104.776,7.51809,7.220291,0.297799,724.2356,0.855347,0.074219,0.828027,0.097754,81920,59329384,2602,455235,188,1434
11600,208.714,104.963,7.520068,7.225174,0.294894,716.221,0.854126,0.073157,0.83092,0.095923,81920,58672826,2445,455702,182,1434
11620,209.07,105.15,7.51872,7.213226,0.305493,716.8844,0.853345,0.073108,0.832166,0.094727,81920,58727166,2511,455048,183,1434
11640,209.43,105.34,7.518248,7.219666,0.298583,722.3788,0.852637,0.07395,0.831726,0.094324,81920,59177274,2546,455363,188,1436
11660,209.789,105.528,7.513364,7.218445,0.29492,718.1341,0.853882,0.073438,0.82876,0.097803,81920,58829543,2500,455361,188,1441
11680,210.148,105.718,7.513682,7.224182,0.289499,729.8205,0.85022,0.075012,0.827173,0.097815,81920,59786897,2508,455720,183,1444
11700,210.518,105.916,7.511679,7.2229,0.288779,737.0659,0.854626,0.075891,0.829639,0.09447,81920,60380435,2552,455643,188,1450
11720,210.882,106.107,7.511771,7.221924,0.289847,744.0844,0.854688,0.076611,0.832288,0.091101,81920,60955394,2450,455629,187,1452
11740,211.254,106.3,7.509308,7.21965,0.289658,744.5336,0.85321,0.076685,0.83009,0.093225,81920,60992190,2502,455767,188,1452
11760,211.62,106.495,7.510393,7.218063,0.292329,745.4095,0.853467,0.076794,0.830103,0.093103,81920,61063948,2475,455733,186,1452
11780,211.989,106.691,7.507372,7.21759,0.289782,745.8952,0.857056,0.076843,0.834729,0.088428,81920,61103733,2543,455657,186,1457
11800,212.357,106.885,7.506154,7.220596,0.285557,742.7519,0.859998,0.076562,0.837329,0.086108,81920,60846236,2517,455814,185,1457
11820,212.767,107.083,7.504118,7.217285,0.286833,746.2446,0.863416,0.076904,0.839465,0.08363,81920,61132356,2457,455768,179,1457
11840,213.167,107.31,7.500443,7.218414,0.282029,749.6873,0.862158,0.077417,0.839624,0.082959,81920,61414381,2485,456100,181,1457
11860,213.535,107.506,7.494855,7.211288,0.283567,761.2539,0.865381,0.078784,0.83783,0.083386,81920,62361919,2546,455905,178,1457
11880,213.906,107.704,7.494553,7.208466,0.286087,755.5815,0.866443,0.078149,0.83938,0.082471,81920,61897236,2443,455741,176,1459
11900,214.272,107.899,7.493432,7.21524,0.278192,757.5788,0.866418,0.078528,0.837158,0.084314,81920,62060855,2564,456118,176,1462
11920,214.642,108.095,7.489349,7.219635,0.269714,764.4392,0.863879,0.07926,0.838025,0.082715,81920,62622861,2396,456511,174,1462
11940,215.007,108.29,7.489383,7.222549,0.266833,751.0231,0.866235,0.077563,0.838428,0.084009,81920,61523814,2439,456590,180,1464
11960,215.416,108.527,7.488779,7.225494,0.263284,748.6908,0.869043,0.077356,0.839404,0.08324,81920,61332751,2481,456720,187,1473
11980,215.777,108.72,7.489349,7.229431,0.259918,743.6923,0.869836,0.076746,0.839832,0.083423,81920,60923277,2505,456835,184,1473
12000,216.147,108.913,7.489444,7.227432,0.262012,738.9922,0.86842,0.076074,0.840332,0.083594,81920,60538242,2455,456828,179,1474
12020,216.507,109.105,7.484062,7.222961,0.261101,735.3145,0.867212,0.075574,0.839331,0.085095,81920,60236960,2567,456796,175,1474
12040,216.871,109.298,7.48379,7.221313,0.262476,735.2486,0.864587,0.075598,0.83855,0.085852,81920,60231569,2544,456837,171,1478
12060,217.236,109.491,7.480016,7.218002,0.262013,734.7168,0.862439,0.075562,0.835742,0.088696,81920,60187997,2469,456791,172,1482
12080,217.6,109.683,7.47553,7.222595,0.252934,731.1137,0.860156,0.075171,0.836487,0.088342,81920,59892831,2390,457096,168,1482
12100,217.962,109.875,7.474482,7.227448,0.247035,732.1757,0.858643,0.075317,0.833582,0.091101,81920,59979833,2477,457319,166,1482
12120,218.326,110.068,7.475229,7.232788,0.242441,727.5619,0.860669,0.074817,0.832825,0.092358,81920,59601869,2406,457608,165,1482
12140,218.698,110.264,7.476665,7.236237,0.240429,731.9507,0.856921,0.075427,0.831921,0.092651,81920,59961405,2505,457783,165,1482
12160,219.101,110.457,7.481513,7.241104,0.240409,730.5999,0.857129,0.075171,0.83075,0.09408,81920,59850743,2543,457819,164,1484
12180,219.467,110.649,7.482319,7.243805,0.238514,733.5281,0.855103,0.075513,0.828687,0.095801,81920,60090623,2487,457759,169,1490
12200,219.831,110.84,7.480025,7.243057,0.236968,735.3831,0.854944,0.075708,0.828943,0.095349,81920,60242585,2465,457815,166,1490
12220,220.197,111.031,7.481516,7.249146,0.232371,736.5308,0.855347,0.075916,0.831018,0.093066,81920,60336606,2381,458035,160,1492
12240,220.563,111.221,7.481547,7.250732,0.230814,720.3402,0.860364,0.073853,0.833301,0.092847,81920,59010266,2514,458083,159,1492
12260,220.926,111.411,7.483956,7.249252,0.234703,721.634,0.858545,0.074121,0.832214,0.093665,81920,59116256,2500,458029,161,1495
12280,221.285,111.6,7.483684,7.24855,0.235134,722.0279,0.859253,0.074146,0.831677,0.094177,81920,59148525,2619,457663,153,1495
12300,221.658,111.794,7.480367,7.244766,0.235601,731.318,0.860449,0.075281,0.832507,0.092212,81920,59909572,2580,457587,147,1495
12320,222.027,111.99,7.481095,7.244781,0.236314,732.9047,0.865515,0.075427,0.834106,0.090466,81920,60039556,2514,457447,149,1495
12340,222.421,112.204,7.480434,7.244385,0.236049,728.0436,0.867249,0.074744,0.835876,0.08938,81920,59641333,2555,457480,149,1495
12360,222.792,112.399,7.482088,7.249008,0.233079,724.4388,0.870703,0.074341,0.835278,0.090381,81920,59346023,2539,457448,141,1495
12380,223.16,112.591,7.485356,7.246399,0.238957,722.2152,0.868774,0.073987,0.836206,0.089807,81920,59163870,2648,457428,146,1498
12400,223.523,112.782,7.482167,7.250381,0.231786,723.0407,0.867505,0.074023,0.837952,0.088025,81920,59231493,2517,457538,147,1502
12420,223.89,112.977,7.482507,7.248886,0.23362,730.9646,0.866748,0.075012,0.835303,0.089685,81920,59880617,2424,457715,143,1502
12440,224.255,113.17,7.486754,7.245285,0.241469,742.6336,0.865222,0.076575,0.833887,0.089539,81920,60836544,2537,457327,143,1504
12460,224.622,113.365,7.487065,7.245834,0.241231,741.1543,0.86897,0.076331,0.834631,0.089038,81920,60715360,2620,457248,146,1504
12480,224.988,113.558,7.491603,7.252121,0.239482,736.915,0.86958,0.075977,0.837378,0.086646,81920,60368078,2505,457254,150,1506
12500,225.357,113.749,7.490547,7.242859,0.247688,732.1851,0.871118,0.075354,0.837549,0.087097,81920,59980604,2523,456671,151,1512
12520,225.726,113.945,7.493155,7.245224,0.247931,737.4387,0.871326,0.076013,0.839124,0.084863,81920,60410979,2415,456882,158,1520
12540,226.09,114.136,7.494134,7.244354,0.24978,732.9806,0.871863,0.075342,0.838403,0.086255,81920,60045767,2498,456893,160,1520
12560,226.459,114.331,7.495067,7.243927,0.25114,734.3244,0.869165,0.075525,0.838623,0.085852,81920,60155857,2546,456826,160,1520
12580,226.825,114.524,7.496584,7.248596,0.247988,723.0565,0.868274,0.07417,0.838342,0.087488,81920,59232785,2481,456948,164,1522
12600,227.187,114.715,7.497701,7.249268,0.248433,721.0165,0.86521,0.073767,0.837842,0.088391,81920,59065669,2503,456906,162,1522
12620,227.557,114.91,7.501127,7.253143,0.247984,722.081,0.865967,0.074036,0.838586,0.087378,81920,59152872,2511,456964,162,1522
12640,227.93,115.104,7.503177,7.259277,0.243899,720.905,0.866797,0.074048,0.838257,0.087695,81920,59056536,2487,457261,158,1522
12660,228.297,115.298,7.505185,7.261215,0.24397,725.6399,0.866113,0.074609,0.836133,0.089258,81920,59444422,2599,457157,160,1524
12680,228.684,115.515,7.50894,7.256927,0.252012,722.1813,0.868433,0.074048,0.835315,0.090637,81920,59161089,2502,456839,169,1529
12700,229.05,115.707,7.512987,7.2603,0.252687,722.2403,0.86814,0.07417,0.833423,0.092407,81920,59165927,2453,456817,167,1529
12720,229.418,115.903,7.512915,7.2547,0.258215,726.2694,0.866528,0.074695,0.835315,0.08999,81920,59495992,2490,456314,165,1529
12740,229.778,116.093,7.513713,7.25322,0.260493,724.9936,0.866907,0.074573,0.837732,0.087695,81920,59391474,2547,456324,158,1529
12760,230.137,116.284,7.512671,7.254837,0.257834,729.191,0.869336,0.075012,0.83844,0.086548,81920,59735323,2529,456479,165,1531
12780,230.499,116.477,7.50782,7.24733,0.26049,742.997,0.869849,0.076709,0.837195,0.086096,81920,60866312,2537,456214,166,1533
12800,230.859,116.67,7.507557,7.248535,0.259022,744.0354,0.870239,0.076855,0.837,0.086145,81920,60951378,2567,456106,170,1535
12820,231.275,116.915,7.508431,7.249695,0.258736,753.8955,0.868677,0.078052,0.83562,0.086328,81920,61759119,2475,456271,169,1537
12840,231.641,117.109,7.507138,7.243103,0.264035,744.7379,0.866431,0.076917,0.834766,0.088318,81920,61008926,2530,456086,170,1537
12860,232.002,117.302,7.508354,7.246368,0.261986,732.1035,0.867029,0.075464,0.833618,0.090918,81920,59973915,2495,456316,172,1542
12880,232.365,117.494,7.505624,7.237228,0.268395,732.4887,0.869312,0.075464,0.836462,0.088074,81920,60005472,2557,456041,175,1545
12900,232.73,117.686,7.50254,7.23735,0.26519,735.1727,0.870728,0.075757,0.837048,0.087195,81920,60225347,2487,455991,182,1549
12920,233.089,117.877,7.497857,7.230499,0.267358,731.726,0.875293,0.075256,0.837964,0.08678,81920,59942996,2459,455860,187,1552
12940,233.447,118.068,7.49534,7.21698,0.27836,736.1698,0.875427,0.075854,0.839368,0.084778,81920,60307033,2534,455274,181,1552
12960,233.807,118.261,7.493458,7.2173,0.276157,738.2488,0.873755,0.07616,0.840222,0.083618,81920,60477339,2503,455557,181,1552
12980,234.167,118.453,7.491841,7.2173,0.274541,741.5201,0.872595,0.076501,0.83728,0.086218,81920,60745325,2592,455654,185,1557
13000,234.529,118.646,7.487124,7.213287,0.273837,734.5641,0.875769,0.07561,0.836145,0.088245,81920,60175488,2563,455700,193,1564
13020,234.889,118.836,7.484619,7.204056,0.280564,722.4142,0.8802,0.074011,0.839478,0.086511,81920,59180172,2485,455441,209,1576
13040,235.253,119.03,7.484482,7.207657,0.276825,719.8953,0.878284,0.073792,0.840967,0.085242,81920,58973822,2521,455683,206,1578
13060,235.615,119.219,7.488273,7.210007,0.278266,718.7098,0.880115,0.073706,0.842346,0.083948,81920,58876709,2448,455719,203,1582
13080,235.975,119.408,7.497244,7.225662,0.271582,716.5618,0.878601,0.073499,0.843335,0.083167,81920,58700745,2414,456299,208,1588
13100,236.343,119.598,7.498463,7.225967,0.272495,724.9578,0.878186,0.074548,0.844092,0.08136,81920,59388544,2500,456230,204,1591
13120,236.7,119.788,7.501334,7.22142,0.279913,721.4035,0.878577,0.073975,0.84635,0.079675,81920,59097373,2510,455955,199,1591
13140,237.064,119.979,7.498914,7.219528,0.279386,727.0717,0.875244,0.074744,0.843982,0.081274,81920,59561714,2506,455814,192,1591
13160,237.428,120.172,7.497189,7.219208,0.277982,729.9454,0.872974,0.07511,0.842981,0.081909,81920,59797129,2557,455854,188,1591
13180,237.794,120.366,7.495847,7.21579,0.280057,735.8412,0.871948,0.075928,0.837146,0.086926,81920,60280113,2501,455716,194,1594
13200,238.159,120.559,7.492687,7.21669,0.275997,733.5938,0.874536,0.075684,0.835974,0.088342,81920,60096006,2432,456003,194,1594
13220,238.524,120.75,7.49043,7.215775,0.274655,732.3998,0.873975,0.075452,0.833948,0.090601,81920,59998194,2462,455943,193,1594
13240,238.888,120.943,7.484336,7.208206,0.27613,733.615,0.874573,0.075684,0.834473,0.089844,81920,60097740,2493,455693,190,1594
13260,239.258,121.139,7.484161,7.208725,0.275436,721.5767,0.876904,0.074207,0.835815,0.089978,81920,59111562,2549,455980,185,1596
13280,239.652,121.355,7.483569,7.214203,0.269366,719.7336,0.877283,0.073987,0.836792,0.089221,81920,58960580,2419,456232,187,1600
13300,240.042,121.549,7.488058,7.210892,0.277167,718.6156,0.875586,0.073828,0.836975,0.089197,81920,58868987,2490,455915,186,1603
13320,240.414,121.741,7.48476,7.203979,0.28078,715.2956,0.873865,0.073376,0.836877,0.089746,81920,58597018,2519,455688,185,1607
13340,240.804,121.934,7.479304,7.202347,0.276958,718.2709,0.872778,0.073816,0.834814,0.09137,81920,58840749,2431,455933,190,1612
13360,241.176,122.127,7.483925,7.207855,0.27607,709.9236,0.874243,0.072729,0.8349,0.092371,81920,58156941,2528,456222,189,1615
13380,241.54,122.319,7.490004,7.207306,0.282698,711.1365,0.874805,0.072852,0.836108,0.09104,81920,58256302,2552,456024,192,1624
13400,241.94,122.532,7.487728,7.204834,0.282894,710.8727,0.872766,0.072803,0.836975,0.090222,81920,58234691,2470,455928,196,1624
13420,242.328,122.725,7.484484,7.210602,0.273882,715.4384,0.874475,0.073364,0.837488,0.089148,81920,58608714,2446,456446,194,1628
13440,242.694,122.918,7.479707,7.2099,0.269808,712.6049,0.872559,0.072986,0.835071,0.091943,81920,58376593,2475,456671,190,1628
13460,243.088,123.113,7.481648,7.214478,0.267171,710.3734,0.872351,0.072754,0.835144,0.092102,81920,58193788,2461,456940,189,1630
13480,243.487,123.309,7.483323,7.208069,0.275254,703.6071,0.869971,0.071899,0.836792,0.091309,81920,57639491,2443,456394,190,1630
13500,243.851,123.499,7.479305,7.205597,0.273708,707.5534,0.867651,0.072363,0.835974,0.091663,81920,57962771,2434,456392,191,1630
13520,244.224,123.695,7.476958,7.207062,0.269896,720.0622,0.870667,0.073901,0.836194,0.089905,81920,58987492,2566,456699,192,1636
13540,244.63,123.932,7.472803,7.205444,0.267359,722.0844,0.871252,0.074048,0.83551,0.090442,81920,59153153,2544,456638,189,1639
13560,244.988,124.12,7.465131,7.200363,0.264768,717.9173,0.870215,0.073657,0.831921,0.094421,81920,58811787,2559,456834,186,1639
13580,245.349,124.309,7.464293,7.205673,0.25862,717.8236,0.87074,0.073755,0.830383,0.095862,81920,58804108,2542,457103,187,1646
13600,245.709,124.499,7.467911,7.201477,0.266434,721.2692,0.870984,0.074097,0.835498,0.090405,81920,59086373,2604,456626,193,1651
13620,246.126,124.714,7.467281,7.203751,0.26353,721.1501,0.873206,0.074121,0.835986,0.089893,81920,59076620,2556,456744,186,1651
13640,246.49,124.905,7.46889,7.205856,0.263034,723.0209,0.872339,0.074341,0.835547,0.090112,81920,59229870,2479,456914,178,1651
13660,246.869,125.106,7.471987,7.203827,0.26816,725.1154,0.873853,0.074597,0.836694,0.088708,81920,59401453,2612,456381,175,1656
13680,247.232,125.296,7.467317,7.201279,0.266038,716.2697,0.871826,0.073413,0.841064,0.085522,81920,58676817,2422,456341,172,1658
13700,247.596,125.487,7.463,7.198181,0.264819,721.6229,0.868689,0.074133,0.839844,0.086023,81920,59115345,2439,456412,166,1658
13720,247.96,125.678,7.462821,7.199356,0.263465,717.4806,0.869775,0.073621,0.840564,0.085815,81920,58776010,2535,456468,168,1661
13740,248.346,125.866,7.463023,7.202347,0.260676,711.2885,0.867615,0.072864,0.839075,0.088062,81920,58268751,2543,456464,170,1663
13760,248.714,126.06,7.463032,7.200684,0.262348,708.1733,0.868628,0.072485,0.837317,0.090198,81920,58013555,2589,456521,171,1665
13780,249.076,126.251,7.464766,7.203415,0.261351,713.2286,0.870239,0.073193,0.837292,0.089514,81920,58427690,2424,456515,169,1667
13800,249.438,126.44,7.465509,7.207169,0.25834,720.2943,0.867847,0.073999,0.835547,0.090454,81920,59006510,2510,456855,157,1667
13820,249.8,126.63,7.465389,7.207748,0.25764,714.4107,0.865405,0.073413,0.831677,0.09491,81920,58524521,2480,456831,160,1671
13840,250.164,126.821,7.465373,7.19989,0.265483,705.1453,0.866699,0.072168,0.831433,0.096399,81920,57765501,2527,456385,165,1673
13860,250.522,127.008,7.464957,7.20015,0.264807,704.4696,0.867932,0.072058,0.832739,0.095203,81920,57710148,2497,456649,171,1674
13880,250.917,127.196,7.462104,7.200821,0.261284,696.447,0.867114,0.071143,0.83147,0.097388,81920,57052941,2594,456684,165,1674
13900,251.328,127.403,7.461182,7.197906,0.263275,685.9397,0.869824,0.0698,0.834912,0.095288,81920,56192182,2600,456569,171,1677
13920,251.684,127.589,7.462645,7.204376,0.258269,696.4572,0.872119,0.071106,0.833887,0.095007,81920,57053777,2414,456781,169,1681
13940,252.038,127.774,7.458986,7.204254,0.254731,689.625,0.870691,0.070288,0.835034,0.094678,81920,56494083,2536,457029,163,1685
13960,252.39,127.957,7.459501,7.204636,0.254865,677.3949,0.87113,0.06875,0.836951,0.094299,81920,55492194,2539,456789,167,1689
13980,252.745,128.141,7.456796,7.201721,0.255074,679.526,0.873364,0.069006,0.83551,0.095483,81920,55666772,2568,456579,164,1689
14000,253.103,128.325,7.455984,7.202545,0.253439,681.9942,0.875256,0.069238,0.838843,0.091919,81920,55868966,2504,456764,163,1691
14020,253.464,128.513,7.457551,7.2052,0.25235,679.1242,0.876196,0.068848,0.839954,0.091199,81920,55633855,2486,457022,162,1693
14040,253.821,128.696,7.462327,7.206543,0.255784,668.9713,0.876233,0.067615,0.843372,0.089014,81920,54802129,2488,456758,163,1696
14060,254.183,128.886,7.463086,7.210571,0.252515,677.3779,0.877332,0.068665,0.843628,0.087708,81920,55490801,2474,456904,162,1702
14080,254.543,129.07,7.4648,7.212463,0.252336,677.176,0.873743,0.068677,0.842908,0.088416,81920,55474259,2567,457038,162,1704
14100,254.902,129.254,7.463325,7.217438,0.245887,673.4859,0.87218,0.068201,0.840588,0.091211,81920,55171968,2469,457424,162,1706
14120,255.29,129.438,7.461822,7.209595,0.252227,672.4616,0.872876,0.067944,0.839539,0.092517,81920,55088053,2474,457048,167,1714
14140,255.653,129.622,7.46344,7.206345,0.257096,673.9236,0.872827,0.068225,0.839343,0.092432,81920,55207823,2544,456920,168,1716
14160,256.01,129.804,7.464424,7.208862,0.255562,667.72,0.871777,0.06748,0.838867,0.093652,81920,54699625,2484,456841,167,1716
14180,256.369,129.985,7.464415,7.210678,0.253737,662.3238,0.872375,0.066833,0.83877,0.094397,81920,54257567,2579,456945,169,1718
14200,256.728,130.168,7.465083,7.211472,0.253611,663.9175,0.872778,0.066968,0.837671,0.095361,81920,54388120,2447,456950,174,1720
14220,257.086,130.356,7.466238,7.214355,0.251882,665.8641,0.874817,0.067224,0.837671,0.095105,81920,54547583,2512,457211,174,1720
14240,257.437,130.539,7.463826,7.210449,0.253376,668.3104,0.875598,0.06759,0.839258,0.093152,81920,54747986,2460,457099,171,1722
14260,257.79,130.721,7.469409,7.218994,0.250415,661.7811,0.875,0.066638,0.83739,0.095972,81920,54213110,2586,457088,171,1724
14280,258.145,130.906,7.466876,7.217896,0.24898,676.4002,0.870923,0.068579,0.834009,0.097412,81920,55410703,2426,457067,171,1726
14300,258.498,131.088,7.464858,7.213318,0.25154,672.9086,0.866577,0.06814,0.831848,0.100012,81920,55124675,2526,456785,178,1730
14320,258.854,131.273,7.467453,7.21991,0.247544,672.2107,0.864697,0.068066,0.831348,0.100586,81920,55067498,2443,457278,177,1730
14340,259.256,131.503,7.470642,7.224167,0.246476,674.4486,0.865808,0.068262,0.832166,0.099573,81920,55250831,2569,457348,170,1730
14360,259.623,131.696,7.472269,7.222061,0.250208,679.2186,0.869702,0.068835,0.830676,0.100488,81920,55641584,2559,457259,163,1730
14380,259.979,131.879,7.473839,7.224274,0.249565,673.8102,0.870996,0.068091,0.834143,0.097766,81920,55198534,2614,457334,165,1732
14400,260.337,132.064,7.473239,7.220352,0.252887,679.0371,0.871802,0.06886,0.834875,0.096265,81920,55626716,2401,457247,166,1734
14420,260.71,132.258,7.467441,7.210205,0.257236,685.7487,0.872107,0.069666,0.834778,0.095557,81920,56176536,2549,456774,169,1738
14440,261.065,132.443,7.4665,7.210739,0.255761,675.1006,0.870752,0.068396,0.837329,0.094275,81920,55304243,2475,456818,168,1740
14460,261.428,132.628,7.463382,7.207108,0.256275,679.3033,0.871594,0.068933,0.837793,0.093274,81920,55648525,2535,456645,171,1740
14480,261.814,132.839,7.459256,7.1996,0.259656,682.1684,0.872314,0.069287,0.838989,0.091724,81920,55883235,2594,456290,170,1740
14500,262.17,133.024,7.455242,7.19577,0.259472,671.5035,0.872791,0.067957,0.835925,0.096118,81920,55009566,2490,456318,169,1742
14520,262.524,133.207,7.451555,7.190308,0.261248,675.3744,0.873962,0.068591,0.833411,0.097998,81920,55326670,2507,455933,176,1744
14540,262.905,133.415,7.456132,7.197693,0.258439,677.077,0.873767,0.068738,0.833374,0.097888,81920,55466149,2537,456234,174,1744
14560,263.282,133.599,7.455273,7.197357,0.257916,681.1236,0.874377,0.069287,0.831396,0.099316,81920,55797648,2601,456404,178,1748
14580,263.635,133.78,7.454597,7.193253,0.261345,665.2965,0.878857,0.067163,0.836194,0.096643,81920,54501088,2508,456263,171,1748
14600,263.985,133.96,7.450624,7.189987,0.260637,655.7271,0.879028,0.065906,0.83938,0.094714,81920,53717168,2445,456394,166,1748
14620,264.334,134.139,7.44811,7.185547,0.262563,658.4453,0.882324,0.066211,0.838037,0.095752,81920,53939839,2466,456332,161,1749
14640,264.694,134.32,7.451913,7.191315,0.260598,661.3368,0.881152,0.066663,0.838513,0.094824,81920,54176711,2477,456441,160,1752
14660,265.055,134.508,7.450376,7.187164,0.263212,658.3174,0.882068,0.06626,0.841125,0.092615,81920,53929362,2591,456178,159,1752
14680,265.406,134.689,7.448407,7.184555,0.263852,654.0227,0.88363,0.065625,0.843298,0.091077,81920,53577542,2478,456102,158,1754
14700,265.772,134.876,7.449828,7.184875,0.264952,660.6644,0.882556,0.066492,0.843726,0.089783,81920,54121626,2535,455870,160,1755
14720,266.146,135.065,7.44987,7.184769,0.265101,655.6505,0.883569,0.06593,0.84342,0.090649,81920,53710888,2495,455817,164,1755
14740,266.55,135.258,7.450246,7.189651,0.260595,655.8854,0.881604,0.06604,0.841138,0.092822,81920,53730132,2517,456024,171,1759
14760,266.906,135.44,7.449896,7.18808,0.261816,658.4445,0.883057,0.06637,0.83938,0.09425,81920,53939775,2565,456096,169,1766
14780,267.318,135.677,7.447654,7.182632,0.265022,662.3958,0.881494,0.066846,0.839905,0.09325,81920,54263460,2481,455682,166,1766
14800,267.682,135.857,7.448151,7.189072,0.259079,656.7471,0.881445,0.066199,0.839099,0.094702,81920,53800725,2471,456250,160,1766
14820,268.035,136.037,7.447934,7.192032,0.255902,651.2058,0.882666,0.065479,0.839941,0.09458,81920,53346781,2551,456310,158,1767
14840,268.387,136.215,7.447848,7.195831,0.252016,644.6128,0.881006,0.0646,0.840344,0.095056,81920,52806678,2572,456717,158,1769
14860,268.741,136.396,7.450752,7.191406,0.259346,651.7561,0.884045,0.065454,0.843042,0.091504,81920,53391857,2545,456324,158,1769
14880,269.094,136.575,7.452054,7.191772,0.260282,654.7766,0.885547,0.06582,0.844116,0.090063,81920,53639302,2524,456353,166,1773
14900,269.485,136.766,7.452646,7.194,0.258646,647.9947,0.8828,0.064954,0.843372,0.091675,81920,53083729,2542,456491,166,1773
14920,269.837,136.945,7.45486,7.195389,0.259472,646.7753,0.883459,0.064844,0.842737,0.092419,81920,52983832,2592,456620,161,1773
14940,270.242,137.172,7.453818,7.197647,0.256171,661.9336,0.879773,0.066736,0.842468,0.090796,81920,54225598,2509,456783,165,1774
14960,270.599,137.355,7.448547,7.193207,0.255341,647.8315,0.878503,0.064954,0.842603,0.092444,81920,53070356,2463,456566,162,1775
14980,270.956,137.534,7.449015,7.19902,0.249995,643.5375,0.879443,0.064392,0.842004,0.093604,81920,52718591,2516,456844,161,1777
15000,271.325,137.731,7.453628,7.205597,0.248031,646.5208,0.881006,0.06488,0.84375,0.09137,81920,52962980,2433,456891,162,1778
15020,271.676,137.91,7.457166,7.210419,0.246748,653.717,0.877905,0.065808,0.841418,0.092773,81920,53552495,2536,457066,158,1782
15040,272.033,138.096,7.459559,7.212296,0.247263,664.2105,0.876868,0.067139,0.837756,0.095105,81920,54412123,2529,457107,159,1782
15060,272.384,138.274,7.457701,7.213821,0.24388,647.5406,0.877979,0.065039,0.83739,0.097571,81920,53046526,2529,457191,158,1782
15080,272.737,138.453,7.457086,7.210266,0.24682,646.5015,0.879114,0.064966,0.837769,0.097266,81920,52961399,2431,456917,157,1782
15100,273.085,138.63,7.456812,7.208572,0.248239,645.258,0.879712,0.064795,0.839978,0.095227,81920,52859532,2565,456755,173,1789
15120,273.437,138.809,7.452917,7.202194,0.250723,648.7786,0.881494,0.065259,0.841235,0.093506,81920,53147940,2561,456566,171,1791
15140,273.786,138.988,7.454738,7.205124,0.249614,647.8684,0.881519,0.065161,0.841089,0.09375,81920,53073382,2514,456596,170,1794
15160,274.134,139.165,7.454525,7.203964,0.250561,642.6698,0.881274,0.064539,0.840112,0.095349,81920,52647510,2485,456417,170,1794
15180,274.484,139.343,7.454609,7.205093,0.249515,646.6328,0.877002,0.065002,0.838428,0.09657,81920,52972160,2544,456794,168,1799
15200,274.833,139.52,7.454625,7.208557,0.246068,632.1831,0.881091,0.063135,0.841833,0.095032,81920,51788437,2530,456929,173,1805
15220,275.185,139.699,7.456694,7.206482,0.250212,640.435,0.879504,0.064185,0.84231,0.093506,81920,52464439,2566,456776,172,1805
15240,275.534,139.878,7.458491,7.204391,0.254099,643.3479,0.878796,0.064526,0.842249,0.093225,81920,52703056,2495,456501,173,1805
15260,275.884,140.056,7.460115,7.207611,0.252504,648.4075,0.880493,0.065149,0.839099,0.095752,81920,53117544,2564,456555,173,1809
15280,276.231,140.234,7.457712,7.205795,0.251917,642.3914,0.880371,0.064392,0.841125,0.094482,81920,52624706,2541,456492,173,1813
15300,276.578,140.411,7.459619,7.210754,0.248864,637.1319,0.881897,0.063745,0.840759,0.095496,81920,52193849,2491,456639,172,1817
15320,276.926,140.589,7.454605,7.200272,0.254334,644.893,0.882483,0.064587,0.842822,0.09259,81920,52829633,2525,456151,170,1817
15340,277.277,140.767,7.452634,7.196365,0.256268,647.7557,0.885352,0.064893,0.845007,0.0901,81920,53064143,2550,455983,175,1819
15360,277.628,140.946,7.456707,7.201172,0.255535,652.0753,0.88667,0.06554,0.846826,0.087634,81920,53418007,2487,456015,177,1819
15380,277.978,141.126,7.454936,7.200928,0.254008,649.2519,0.888757,0.065149,0.845312,0.089539,81920,53186719,2528,456126,178,1823
15400,278.331,141.308,7.453992,7.19899,0.255002,647.0279,0.887073,0.064978,0.844653,0.090369,81920,53004525,2512,456012,181,1824
15420,278.68,141.485,7.459539,7.20105,0.258489,641.0913,0.886011,0.064258,0.843958,0.091785,81920,52518197,2450,456079,173,1824
15440,279.03,141.662,7.454079,7.201218,0.252861,638.2521,0.887708,0.063965,0.843066,0.092969,81920,52285613,2536,456382,173,1824
15460,279.386,141.843,7.453728,7.19632,0.257409,640.4186,0.88877,0.064111,0.845349,0.09054,81920,52463089,2538,456133,171,1824
15480,279.749,142.035,7.453822,7.198502,0.25532,636.1049,0.889636,0.063586,0.846021,0.090393,81920,52109711,2483,456234,171,1824
15500,280.092,142.211,7.450097,7.196594,0.253503,637.0669,0.89032,0.063647,0.846704,0.089648,81920,52188522,2534,456276,178,1828
15520,280.473,142.423,7.450982,7.20018,0.250802,640.8523,0.890149,0.064014,0.850134,0.085852,81920,52498621,2521,456506,188,1831
15540,280.82,142.601,7.449652,7.203491,0.24616,639.3932,0.890552,0.063953,0.85061,0.085437,81920,52379091,2572,456715,191,1833
15560,281.168,142.781,7.445047,7.203186,0.241861,637.4791,0.89209,0.063708,0.85127,0.085022,81920,52222288,2541,456839,185,1833
15580,281.562,143.002,7.441091,7.204224,0.236867,631.0934,0.893982,0.062964,0.850867,0.086169,81920,51699169,2408,457137,186,1833
15600,281.923,143.179,7.441647,7.20372,0.237927,632.2865,0.892102,0.063074,0.849011,0.087915,81920,51796914,2529,456902,182,1833
15620,282.29,143.368,7.444638,7.208069,0.236569,637.7043,0.891821,0.063818,0.846863,0.089319,81920,52240740,2532,457194,175,1833
15640,282.654,143.56,7.441451,7.209702,0.23175,643.2994,0.889038,0.064453,0.845837,0.089709,81920,52699087,2448,457313,175,1836
15660,283.021,143.756,7.43879,7.212646,0.226143,648.8688,0.888293,0.065112,0.845264,0.089624,81920,53155334,2520,457523,168,1836
15680,283.393,143.946,7.441828,7.214691,0.227137,647.2136,0.88634,0.065027,0.841333,0.09364,81920,53019736,2504,457687,167,1837
15700,283.745,144.127,7.441129,7.212646,0.228482,647.1856,0.883118,0.064978,0.837891,0.097131,81920,53017447,2543,457619,163,1837
15720,284.097,144.306,7.438249,7.213715,0.224534,646.4842,0.882239,0.064941,0.834448,0.10061,81920,52959983,2492,457765,160,1840
15740,284.445,144.483,7.43694,7.210739,0.226201,639.8797,0.884204,0.06405,0.834314,0.101636,81920,52418949,2551,457708,156,1840
15760,284.798,144.661,7.434919,7.208176,0.226743,638.9346,0.885437,0.064038,0.834912,0.10105,81920,52341520,2570,457622,158,1842
15780,285.165,144.844,7.432593,7.204727,0.227866,627.2834,0.887109,0.062451,0.839868,0.097681,81920,51387054,2567,457310,159,1842
15800,285.513,145.021,7.432445,7.202209,0.230236,618.9095,0.888281,0.061511,0.839075,0.099414,81920,50701069,2482,457315,159,1844
15820,285.857,145.197,7.434621,7.206604,0.228017,618.0157,0.887573,0.061414,0.839526,0.09906,81920,50627844,2574,457710,160,1846
15840,286.203,145.372,7.438533,7.214691,0.223842,616.9112,0.887048,0.061169,0.840015,0.098816,81920,50537368,2532,457907,158,1846
15860,286.563,145.548,7.430286,7.201187,0.229098,613.0505,0.888904,0.060693,0.842383,0.096924,81920,50221100,2616,457466,161,1847
15880,286.919,145.729,7.434569,7.204666,0.229902,601.1398,0.887488,0.059314,0.839404,0.101282,81920,49245371,2591,457237,163,1847
15900,287.266,145.907,7.436493,7.206543,0.22995,606.4666,0.883313,0.060022,0.838416,0.101562,81920,49681743,2504,457198,157,1847
15920,287.614,146.082,7.438227,7.206039,0.232188,607.0403,0.884241,0.059949,0.839368,0.100684,81920,49728742,2431,457154,158,1847
15940,287.957,146.254,7.439393,7.203781,0.235612,608.6015,0.884009,0.060144,0.839417,0.100439,81920,49856633,2378,457214,160,1847
15960,288.299,146.427,7.443451,7.205261,0.23819,610.226,0.881165,0.060449,0.837891,0.10166,81920,49989715,2586,457189,161,1848
15980,288.643,146.602,7.446067,7.207352,0.238715,613.1505,0.880225,0.060815,0.8323,0.106885,81920,50229287,2542,457164,164,1852
16000,288.99,146.777,7.445743,7.206055,0.239688,619.3381,0.879016,0.06167,0.830591,0.107739,81920,50736178,2632,457319,161,1852
16020,289.348,146.951,7.450001,7.20636,0.243641,618.9879,0.882263,0.061621,0.833057,0.105322,81920,50707491,2474,457258,162,1855
16040,289.694,147.126,7.455756,7.214188,0.241568,616.2492,0.882495,0.061328,0.834546,0.104126,81920,50483133,2522,457529,164,1855
16060,290.038,147.301,7.454914,7.21756,0.237354,621.6584,0.88313,0.062012,0.831909,0.106079,81920,50926257,2591,457715,161,1857
16080,290.382,147.476,7.459053,7.219025,0.240028,616.0488,0.883606,0.061316,0.831177,0.107507,81920,50466714,2581,457676,159,1857
16100,290.726,147.65,7.461904,7.223969,0.237935,607.1333,0.881384,0.060242,0.831482,0.108276,81920,49736360,2503,457619,165,1857
16120,291.072,147.826,7.46587,7.228378,0.237492,604.224,0.880432,0.05968,0.834302,0.106018,81920,49498031,2449,457692,165,1859
16140,291.418,148.0,7.46536,7.229004,0.236356,607.7269,0.878223,0.060327,0.831824,0.107849,81920,49784991,2480,457841,165,1859
16160,291.759,148.172,7.467598,7.234589,0.23301,597.3857,0.875696,0.059106,0.828052,0.112842,81920,48937839,2502,458058,156,1859
16180,292.102,148.345,7.468451,7.236694,0.231756,601.012,0.875842,0.059473,0.827283,0.113245,81920,49234906,2497,458273,154,1859
16200,292.443,148.515,7.466377,7.243759,0.222618,589.6567,0.874072,0.058008,0.824915,0.117078,81920,48304676,2502,458579,156,1861
16220,292.81,148.686,7.468801,7.246048,0.222753,587.4409,0.876367,0.057837,0.826221,0.115942,81920,48123156,2470,458436,155,1863
16240,293.155,148.862,7.469585,7.241302,0.228282,593.7746,0.872949,0.058667,0.824487,0.116846,81920,48642012,2537,457946,158,1865
16260,293.499,149.035,7.469775,7.246094,0.223681,594.493,0.868469,0.058887,0.822388,0.118726,81920,48700866,2484,458145,158,1865
16280,293.871,149.21,7.469925,7.253159,0.216766,590.8406,0.86499,0.058472,0.820642,0.120886,81920,48401659,2533,458524,156,1865
16300,294.209,149.379,7.466659,7.250656,0.216003,582.1851,0.865137,0.057373,0.820947,0.12168,81920,47692601,2488,458411,158,1867
16320,294.55,149.548,7.468731,7.255096,0.213635,579.9,0.869116,0.057117,0.822583,0.1203,81920,47505404,2543,458418,163,1870
16340,294.891,149.719,7.476432,7.256958,0.219474,582.8701,0.869751,0.057507,0.821729,0.120764,81920,47748722,2507,458246,159,1870
16360,295.239,149.888,7.47328,7.254425,0.218855,587.2687,0.863806,0.057947,0.820007,0.122046,81920,48109049,2524,458054,155,1870
16380,295.613,150.088,7.472585,7.252625,0.219961,586.9529,0.860999,0.057922,0.818542,0.123535,81920,48083180,2559,457936,155,1870
16400,295.954,150.254,7.467547,7.25351,0.214037,575.4811,0.85979,0.056555,0.819958,0.123486,81920,47143412,2512,458161,158,1871
16420,296.295,150.422,7.463789,7.245056,0.218733,574.9889,0.862378,0.056409,0.821179,0.122412,81920,47103091,2559,457829,163,1873
16440,296.636,150.589,7.468395,7.248978,0.219417,579.7157,0.865918,0.057007,0.823865,0.119128,81920,47490308,2539,457899,157,1873
16460,296.985,150.763,7.468362,7.250275,0.218088,575.2771,0.862537,0.05647,0.823474,0.120056,81920,47126698,2489,457937,154,1879
16480,297.343,150.931,7.469211,7.245468,0.223743,582.3412,0.86499,0.057288,0.822595,0.120117,81920,47705390,2495,457645,150,1879
16500,297.694,151.097,7.472904,7.246231,0.226672,575.2387,0.866003,0.056384,0.825317,0.118298,81920,47123555,2541,457391,141,1879
16520,298.033,151.265,7.473218,7.253128,0.22009,570.5159,0.864941,0.055933,0.822559,0.121509,81920,46736664,2475,457695,134,1879
16540,298.371,151.43,7.474891,7.25145,0.223441,565.1295,0.866235,0.055225,0.821375,0.123401,81920,46295407,2486,457678,132,1879
16560,298.71,151.596,7.476544,7.256287,0.220258,565.724,0.867126,0.055273,0.820715,0.124011,81920,46344109,2553,458103,140,1882
16580,299.049,151.762,7.481069,7.262253,0.218817,567.4266,0.866382,0.055518,0.819324,0.125159,81920,46483586,2620,458163,139,1882
16600,299.388,151.929,7.477265,7.257095,0.220169,565.0224,0.869263,0.055164,0.820752,0.124084,81920,46286638,2527,458159,138,1882
16620,299.755,152.126,7.478769,7.250153,0.228617,565.6171,0.869946,0.055237,0.82124,0.123523,81920,46335350,2504,457768,145,1887
16640,300.09,152.29,7.477505,7.253006,0.224499,561.017,0.869678,0.054639,0.821423,0.123938,81920,45958509,2543,458016,142,1889
16660,300.426,152.456,7.47207,7.251587,0.220484,570.4775,0.871106,0.055872,0.823352,0.120776,81920,46733516,2583,457923,148,1889
16680,300.765,152.623,7.469609,7.245438,0.224171,575.7389,0.87196,0.056567,0.821704,0.121729,81920,47164534,2542,457694,146,1891
16700,301.104,152.79,7.469863,7.245651,0.224211,576.9283,0.869287,0.056714,0.821472,0.121814,81920,47261964,2543,457630,154,1896
16720,301.441,152.957,7.46902,7.24678,0.22224,580.743,0.865381,0.057214,0.820117,0.122668,81920,47574470,2600,457751,152,1896
16740,301.785,153.127,7.462971,7.244156,0.218815,573.9326,0.864099,0.056384,0.818958,0.124658,81920,47016562,2495,457634,159,1899
16760,302.122,153.293,7.461612,7.238556,0.223056,572.485,0.865735,0.056116,0.817297,0.126587,81920,46897972,2594,457639,157,1900
16780,302.459,153.458,7.461195,7.243576,0.217619,570.4345,0.865747,0.055945,0.818066,0.125989,81920,46729991,2504,457973,156,1900
16800,302.798,153.626,7.460978,7.244202,0.216776,573.706,0.864343,0.056335,0.815601,0.128064,81920,46997994,2627,458035,153,1903
16820,303.138,153.792,7.466625,7.245239,0.221386,571.99,0.864429,0.05614,0.813794,0.130066,81920,46857424,2572,457863,152,1903
16840,303.474,153.958,7.465878,7.245804,0.220075,572.2002,0.863428,0.056262,0.81095,0.132788,81920,46874644,2576,457732,154,1907
16860,303.809,154.123,7.46513,7.24202,0.223111,571.6223,0.861206,0.056165,0.808472,0.135364,81920,46827301,2440,457554,155,1911
16880,304.146,154.29,7.462239,7.242981,0.219258,576.9982,0.861035,0.056885,0.808081,0.135034,81920,47267694,2443,457867,154,1911
16900,304.483,154.456,7.461597,7.245621,0.215976,573.7469,0.86427,0.05636,0.810986,0.132654,81920,47001342,2548,457780,156,1914
16920,304.823,154.624,7.465186,7.246155,0.219031,576.431,0.862939,0.056787,0.813086,0.130127,81920,47221230,2505,457780,161,1915
16940,305.156,154.79,7.46295,7.24382,0.21913,576.6837,0.861755,0.056738,0.812524,0.130737,81920,47241927,2577,457720,166,1919
16960,305.5,154.961,7.459974,7.244247,0.215727,577.7134,0.860632,0.05697,0.809387,0.133643,81920,47326279,2580,457948,165,1921
16980,305.839,155.129,7.459605,7.239944,0.219661,582.9324,0.861926,0.057532,0.81106,0.131409,81920,47753819,2563,457840,157,1921
17000,306.183,155.296,7.458397,7.245758,0.212639,585.9352,0.86062,0.058008,0.80802,0.133972,81920,47999813,2567,458123,147,1921
17020,306.543,155.485,7.463615,7.24736,0.216254,575.7915,0.85946,0.056726,0.806848,0.136426,81920,47168842,2422,458115,146,1921
17040,306.883,155.651,7.459982,7.246689,0.213293,570.2831,0.862341,0.056018,0.806201,0.137781,81920,46717592,2468,458129,144,1923
17060,307.262,155.817,7.457164,7.246109,0.211055,568.1734,0.864392,0.05575,0.806787,0.137463,81920,46544764,2579,458106,144,1923
17080,307.607,155.987,7.453414,7.243118,0.210296,570.7463,0.862,0.056079,0.806873,0.137048,81920,46755538,2567,458197,142,1923
17100,307.949,156.154,7.452101,7.24556,0.206541,575.4056,0.862573,0.056689,0.807043,0.136267,81920,47137230,2574,458330,146,1923
17120,308.292,156.321,7.450821,7.244553,0.206268,577.7024,0.865271,0.05697,0.810645,0.132385,81920,47325382,2583,458128,147,1925
17140,308.637,156.488,7.45218,7.24176,0.210419,580.8601,0.864917,0.057288,0.811169,0.131543,81920,47584063,2662,457950,145,1925
17160,308.975,156.653,7.452429,7.246078,0.20635,570.7708,0.866406,0.056042,0.813123,0.130835,81920,46757547,2395,458229,146,1925
17180,309.337,156.818,7.45791,7.248215,0.209695,562.3688,0.866284,0.055005,0.813428,0.131567,81920,46069249,2522,458020,144,1925
17200,309.673,156.983,7.46203,7.253998,0.208032,563.1119,0.864075,0.055103,0.813928,0.130969,81920,46130123,2403,458015,152,1931
17220,310.009,157.146,7.463116,7.255676,0.207439,556.5703,0.862585,0.054236,0.81333,0.132434,81920,45594238,2510,458149,154,1933
17240,310.36,157.322,7.465071,7.257767,0.207305,555.7973,0.864624,0.054236,0.811401,0.134363,81920,45530918,2568,458169,152,1933
17260,310.701,157.485,7.466316,7.257858,0.208458,549.1625,0.863843,0.053381,0.811243,0.135376,81920,44987395,2589,457999,157,1933
17280,311.031,157.647,7.471554,7.26236,0.209195,548.0869,0.863062,0.053235,0.811377,0.135388,81920,44899282,2539,458010,152,1933
17300,311.362,157.811,7.471829,7.264725,0.207104,561.5175,0.860852,0.054932,0.810278,0.13479,81920,45999511,2545,458155,151,1933
17320,311.695,157.975,7.47426,7.263092,0.211168,558.9115,0.862012,0.054651,0.811963,0.133386,81920,45786033,2549,457998,152,1933
17340,312.034,158.143,7.480181,7.264587,0.215593,560.811,0.86012,0.054822,0.811255,0.133923,81920,45941641,2443,457761,155,1935
17360,312.367,158.306,7.480229,7.265915,0.214314,552.3669,0.859863,0.053821,0.807959,0.13822,81920,45249897,2433,457672,150,1937
17380,312.717,158.469,7.483971,7.269806,0.214166,554.5231,0.86156,0.054114,0.806494,0.139392,81920,45426532,2540,457908,148,1939
17400,313.073,158.648,7.48494,7.271347,0.213593,556.0183,0.861206,0.054297,0.803857,0.141846,81920,45549020,2495,457881,147,1939
17420,313.408,158.813,7.487388,7.271835,0.215552,561.4992,0.861487,0.054846,0.805627,0.139526,81920,45998012,2562,457650,151,1942
17440,313.744,158.979,7.495979,7.274582,0.221397,568.8218,0.863184,0.055774,0.807886,0.13634,81920,46597883,2532,457489,152,1944
17460,314.079,159.145,7.498332,7.26944,0.228892,575.2287,0.863025,0.056543,0.807471,0.135986,81920,47122738,2498,457157,151,1944
17480,314.412,159.309,7.500053,7.272751,0.227303,560.6851,0.866309,0.054736,0.807837,0.137427,81920,45931321,2552,457441,148,1946
17500,314.751,159.478,7.501833,7.277542,0.224291,561.8156,0.862231,0.054932,0.807324,0.137744,81920,46023937,2486,457572,149,1946
17520,315.095,159.653,7.503334,7.275696,0.227639,563.1017,0.863708,0.055066,0.806238,0.138696,81920,46129289,2469,457527,155,1950
17540,315.438,159.823,7.503065,7.270355,0.23271,558.7399,0.862195,0.054565,0.806653,0.138782,81920,45771973,2537,457210,157,1955
17560,315.782,159.99,7.504084,7.271255,0.232828,558.4285,0.863342,0.054492,0.806775,0.138733,81920,45746459,2433,457129,157,1957
17580,316.12,160.154,7.506536,7.275543,0.230992,556.8831,0.860767,0.054321,0.806067,0.139612,81920,45619867,2440,457238,160,1957
17600,316.457,160.318,7.510894,7.280289,0.230605,558.7823,0.860144,0.054553,0.805908,0.139539,81920,45775447,2534,457417,164,1959
17620,316.794,160.485,7.510907,7.279587,0.231321,570.9419,0.861377,0.056079,0.806409,0.137512,81920,46771558,2552,457244,160,1959
17640,317.133,160.65,7.513701,7.280579,0.233122,563.5812,0.857324,0.055273,0.807153,0.137573,81920,46168573,2518,457179,156,1959
17660,317.49,160.821,7.514282,7.281219,0.233063,564.3616,0.855273,0.055322,0.805481,0.139197,81920,46232501,2468,457103,156,1961
17680,317.853,161.006,7.516075,7.284531,0.231545,578.3677,0.854614,0.057166,0.802295,0.14054,81920,47379885,2481,457355,157,1963
17700,318.193,161.173,7.51496,7.283737,0.231223,571.0807,0.855847,0.056226,0.802722,0.141052,81920,46782930,2452,457212,172,1975
17720,318.569,161.341,7.519948,7.283859,0.236089,570.3132,0.851721,0.056116,0.800793,0.143091,81920,46720055,2559,456987,167,1977
17740,318.907,161.506,7.521706,7.282425,0.239281,564.7727,0.851111,0.055481,0.797827,0.146692,81920,46266179,2616,456855,162,1978
17760,319.249,161.673,7.52359,7.282639,0.240951,575.815,0.847742,0.05686,0.795337,0.147803,81920,47170768,2615,456696,161,1978
17780,319.616,161.866,7.525437,7.282425,0.243012,571.9252,0.846094,0.056421,0.792407,0.151172,81920,46852110,2640,456741,167,1980
17800,319.956,162.032,7.524808,7.277573,0.247236,561.8206,0.845703,0.055127,0.795312,0.149561,81920,46024347,2561,456601,172,1984
17820,320.301,162.201,7.526564,7.281082,0.245482,559.2868,0.84624,0.054858,0.79364,0.151501,81920,45816774,2484,456683,176,1984
17840,320.649,162.368,7.529681,7.276978,0.252703,566.4948,0.844751,0.055725,0.792017,0.152258,81920,46407254,2463,456228,174,1987
17860,321.023,162.536,7.530149,7.276688,0.253462,566.4348,0.842334,0.05575,0.790479,0.153772,81920,46402342,2567,456065,180,1991
17880,321.378,162.71,7.528693,7.271408,0.257285,576.118,0.838501,0.056958,0.786658,0.156384,81920,47195583,2505,455741,179,1995
17900,321.723,162.879,7.533071,7.26886,0.264211,576.3375,0.833582,0.056946,0.78667,0.156384,81920,47213569,2506,455487,179,2001
17920,322.065,163.046,7.534373,7.271301,0.263071,576.5698,0.833411,0.057068,0.78728,0.155652,81920,47232594,2509,455610,181,2001
17940,322.404,163.212,7.532485,7.270203,0.262282,574.4026,0.835767,0.056799,0.788416,0.154785,81920,47055059,2507,455651,177,2001
17960,322.763,163.377,7.532148,7.267181,0.264967,568.4698,0.8396,0.055994,0.790344,0.153662,81920,46569043,2590,455428,179,2003
17980,323.153,163.575,7.533261,7.269989,0.263272,572.1852,0.838782,0.056458,0.78988,0.153662,81920,46873414,2610,455679,178,2003
18000,323.517,163.761,7.533791,7.269882,0.263909,572.1995,0.840356,0.056421,0.789307,0.154272,81920,46874579,2618,455512,177,2003
18020,323.854,163.925,7.529641,7.25853,0.271112,562.6069,0.839001,0.05531,0.788867,0.155823,81920,46088754,2554,455323,183,2003
18040,324.193,164.089,7.529286,7.256897,0.27239,562.2661,0.839209,0.055212,0.78783,0.156958,81920,46060843,2583,455183,184,2003
18060,324.536,164.26,7.526233,7.251389,0.274844,572.6099,0.840186,0.056445,0.786572,0.156982,81920,46908203,2540,455322,186,2012
18080,324.875,164.425,7.522274,7.244263,0.278011,572.0495,0.837891,0.056445,0.784656,0.158899,81920,46862299,2457,455109,193,2018
18100,325.215,164.592,7.521606,7.238281,0.283325,576.3607,0.836926,0.056946,0.785779,0.157275,81920,47215468,2511,454632,193,2018
18120,325.554,164.756,7.523139,7.243164,0.279975,563.2809,0.834265,0.055457,0.786133,0.158411,81920,46143975,2585,455039,186,2018
18140,325.901,164.921,7.524645,7.243393,0.281252,558.014,0.835144,0.054761,0.788562,0.156677,81920,45712510,2463,454964,186,2020
18160,326.272,165.119,7.528355,7.245544,0.282811,557.8674,0.828528,0.054688,0.785144,0.160168,81920,45700496,2514,455114,186,2022
18180,326.609,165.283,7.527295,7.243332,0.283963,557.3564,0.827393,0.054736,0.785791,0.159473,81920,45658637,2534,455020,186,2022
18200,326.998,165.491,7.523744,7.242767,0.280977,562.8085,0.824866,0.055383,0.789966,0.154651,81920,46105273,2590,455174,183,2022
18220,327.336,165.656,7.519429,7.239471,0.279958,569.1004,0.824451,0.056152,0.786011,0.157837,81920,46620702,2463,454929,179,2022
18240,327.673,165.821,7.520556,7.238007,0.282549,573.1945,0.826794,0.05658,0.786609,0.156812,81920,46956094,2617,455093,184,2027
18260,328.028,165.986,7.51857,7.236923,0.281646,576.1895,0.82915,0.05686,0.787097,0.156042,81920,47201447,2508,455020,184,2027
18280,328.367,166.153,7.516038,7.240494,0.275545,582.6548,0.828223,0.057727,0.788208,0.154065,81920,47731085,2469,455441,183,2029
18300,328.709,166.32,7.516909,7.239273,0.277636,581.0202,0.830798,0.057532,0.788342,0.154126,81920,47597171,2420,455397,186,2032
18320,329.049,166.488,7.516576,7.23439,0.282186,588.6658,0.830383,0.058313,0.78905,0.152637,81920,48223505,2512,455209,187,2032
18340,329.396,166.659,7.518782,7.236816,0.281966,599.6841,0.833325,0.059717,0.789722,0.150562,81920,49126124,2528,455390,183,2032
18360,329.747,166.829,7.518349,7.24057,0.277779,601.4165,0.830078,0.059912,0.789355,0.150732,81920,49268038,2481,455651,183,2032
18380,330.09,167.0,7.51712,7.239273,0.277847,605.7871,0.827014,0.060522,0.78728,0.152197,81920,49626079,2463,455687,188,2037
18400,330.431,167.17,7.516475,7.236374,0.280101,602.2054,0.827087,0.060059,0.788293,0.151648,81920,49332666,2514,455502,188,2037
18420,330.772,167.336,7.51594,7.230408,0.285532,581.5058,0.824731,0.05741,0.790186,0.152405,81920,47636959,2491,455141,189,2040
18440,331.111,167.505,7.516936,7.230972,0.285964,594.8776,0.822693,0.05896,0.787805,0.153235,81920,48732376,2487,455044,185,2040
18460,331.451,167.674,7.520309,7.230698,0.289611,599.4111,0.822388,0.059595,0.787524,0.152881,81920,49103758,2571,455003,187,2043
18480,331.792,167.842,7.520283,7.230103,0.290181,589.4169,0.822754,0.058533,0.789197,0.152271,81920,48285031,2410,455104,182,2043
18500,332.134,168.011,7.520267,7.224899,0.295368,592.914,0.826184,0.058862,0.791284,0.149854,81920,48571511,2515,454669,182,2047
18520,332.476,168.181,7.518292,7.225052,0.29324,596.5866,0.823804,0.059314,0.791138,0.149548,81920,48872375,2472,454720,181,2047
18540,332.843,168.368,7.519255,7.230606,0.288649,594.574,0.821814,0.05907,0.789038,0.151892,81920,48707505,2624,455080,183,2047
18560,333.204,168.538,7.51844,7.229462,0.288979,589.3065,0.820239,0.058447,0.789038,0.152515,81920,48275987,2442,455052,181,2047
18580,333.601,168.743,7.520592,7.225983,0.294609,600.107,0.818384,0.059753,0.788501,0.151746,81920,49160766,2489,454750,187,2054
18600,333.944,168.915,7.523469,7.225677,0.297791,593.2002,0.815552,0.05896,0.784119,0.156921,81920,48594963,2475,454716,182,2054
18620,334.39,169.145,7.522164,7.215668,0.306496,597.1295,0.817542,0.059424,0.782397,0.158179,81920,48916851,2553,453902,182,2054
18640,334.753,169.333,7.524848,7.216507,0.308341,592.2389,0.817957,0.05885,0.784778,0.156372,81920,48516210,2471,453961,184,2058
18660,335.107,169.506,7.524238,7.2146,0.309638,601.9428,0.817969,0.06001,0.783252,0.156738,81920,49311158,2514,453893,184,2058
18680,335.449,169.677,7.523433,7.208603,0.31483,599.552,0.817786,0.059631,0.783337,0.157031,81920,49115297,2640,453557,190,2064
18700,335.792,169.847,7.524315,7.209106,0.315208,595.5913,0.818616,0.059094,0.783521,0.157385,81920,48790843,2572,453570,195,2070
18720,336.142,170.023,7.522211,7.206146,0.316065,589.2609,0.821558,0.058386,0.787878,0.153735,81920,48272250,2493,453593,197,2070
18740,336.524,170.235,7.520064,7.202286,0.317778,598.3839,0.823157,0.059497,0.788989,0.151514,81920,49019611,2443,453335,198,2071
18760,336.87,170.404,7.518654,7.198502,0.320153,595.8811,0.820593,0.059106,0.7896,0.151294,81920,48814579,2440,453352,208,2076
18780,337.256,170.614,7.522151,7.199875,0.322276,597.4373,0.818091,0.059387,0.791211,0.149402,81920,48942060,2576,453394,208,2080
18800,337.6,170.785,7.523378,7.19487,0.328508,602.4669,0.821814,0.059875,0.793042,0.147083,81920,49354086,2565,453313,215,2086
18820,337.942,170.954,7.520441,7.192413,0.328028,594.6842,0.819543,0.058984,0.794067,0.146948,81920,48716531,2494,453268,214,2091
18840,338.331,171.126,7.518266,7.193787,0.324479,600.3803,0.818945,0.059607,0.795312,0.145081,81920,49183156,2536,453446,218,2093
18860,338.673,171.295,7.519225,7.19664,0.322585,599.4227,0.817542,0.059509,0.793188,0.147302,81920,49104710,2472,453671,223,2095
18880,339.019,171.465,7.521574,7.203918,0.317656,604.4833,0.819641,0.060229,0.789087,0.150684,81920,49519274,2504,453981,222,2095
18900,339.39,171.639,7.521438,7.203949,0.317489,609.6224,0.81759,0.060864,0.786206,0.15293,81920,49940263,2522,453978,215,2097
18920,339.745,171.827,7.518564,7.197937,0.320627,610.4988,0.817603,0.061023,0.786389,0.152588,81920,50012058,2554,453761,214,2099
18940,340.089,171.998,7.518519,7.194763,0.323756,614.2122,0.821985,0.061365,0.787927,0.150708,81920,50316267,2468,453694,212,2099
18960,340.43,172.168,7.518038,7.189743,0.328295,600.592,0.823499,0.059521,0.79209,0.148389,81920,49200495,2473,453340,208,2099
18980,340.772,172.338,7.515854,7.186295,0.329559,599.5242,0.82981,0.059509,0.796387,0.144104,81920,49113023,2446,453406,207,2099
19000,341.108,172.507,7.512993,7.183136,0.329857,598.1077,0.827808,0.059363,0.793481,0.147156,81920,48996981,2380,453248,202,2099
19020,341.461,172.684,7.510067,7.179794,0.330272,594.8348,0.829541,0.058862,0.796057,0.145081,81920,48728865,2495,453246,200,2101
19040,341.811,172.852,7.508344,7.183319,0.325025,593.9888,0.83064,0.058777,0.796216,0.145007,81920,48659563,2533,453527,198,2103
19060,342.166,173.037,7.507351,7.183426,0.323925,599.6109,0.835376,0.059424,0.796167,0.144409,81920,49120128,2532,453646,201,2105
19080,342.509,173.208,7.505364,7.184174,0.32119,602.7819,0.831689,0.059888,0.79679,0.143323,81920,49379893,2482,453711,206,2107
19100,342.849,173.377,7.505298,7.18924,0.316059,601.8677,0.830774,0.059753,0.795593,0.144653,81920,49304998,2429,454126,209,2109
19120,343.191,173.548,7.504928,7.18544,0.319488,610.2676,0.829431,0.060791,0.794531,0.144678,81920,49993124,2423,453950,204,2112
19140,343.534,173.72,7.503989,7.181946,0.322043,612.1138,0.829077,0.061047,0.796399,0.142554,81920,50144362,2474,453571,202,2116
19160,343.876,173.89,7.500946,7.177017,0.323929,613.7542,0.83252,0.061194,0.79751,0.141296,81920,50278744,2407,453275,201,2123
19180,344.222,174.059,7.496502,7.171616,0.324887,605.3339,0.835266,0.060193,0.798645,0.141162,81920,49588955,2477,453355,200,2126
19200,344.565,174.233,7.488797,7.164413,0.324384,615.2446,0.836963,0.061414,0.799109,0.139478,81920,50400835,2514,453291,205,2132
19220,344.909,174.403,7.48901,7.169556,0.319454,614.4533,0.834888,0.061267,0.800085,0.138647,81920,50336011,2557,453599,209,2138
19240,345.25,174.575,7.490667,7.165482,0.325185,616.3444,0.83667,0.061487,0.80293,0.135583,81920,50490933,2546,453383,204,2138
19260,345.602,174.749,7.4952,7.172058,0.323142,604.4371,0.837805,0.060083,0.803613,0.136304,81920,49515485,2496,453591,198,2140
19280,345.953,174.917,7.496639,7.171158,0.325481,599.6086,0.835742,0.059546,0.801746,0.138708,81920,49119936,2560,453390,196,2143
19300,346.32,175.087,7.49678,7.170074,0.326705,600.9799,0.838953,0.059595,0.801416,0.138989,81920,49232276,2469,453370,189,2143
19320,346.663,175.257,7.499684,7.179504,0.32018,600.5683,0.838574,0.059583,0.805103,0.135315,81920,49198552,2535,453969,203,2154
19340,347.012,175.429,7.501247,7.187363,0.313884,596.6821,0.839136,0.059058,0.804163,0.13678,81920,48880198,2553,454432,201,2156
19360,347.376,175.611,7.506067,7.194626,0.311442,596.5892,0.840088,0.059131,0.805249,0.13562,81920,48872585,2516,454836,205,2165
19380,347.726,175.784,7.508372,7.200424,0.307948,609.9712,0.84198,0.060852,0.803711,0.135437,81920,49968841,2503,454999,200,2167
19400,348.07,175.956,7.508544,7.206299,0.302245,622.8436,0.839771,0.062354,0.80365,0.133997,81920,51023351,2599,455375,195,2170
19420,348.418,176.131,7.505798,7.209488,0.29631,627.5597,0.839941,0.062976,0.801831,0.135193,81920,51409692,2440,455678,187,2172
19440,348.766,176.306,7.508017,7.207794,0.300223,637.4927,0.838818,0.064209,0.800073,0.135718,81920,52223406,2558,455394,186,2174
19460,349.111,176.483,7.501961,7.197784,0.304177,644.2055,0.836963,0.0651,0.794324,0.140576,81920,52773311,2543,454862,177,2174
19480,349.455,176.659,7.504777,7.200958,0.303819,640.903,0.835901,0.064709,0.793774,0.141516,81920,52502777,2468,454926,174,2174
19500,349.8,176.836,7.50389,7.193695,0.310195,647.7044,0.834753,0.065552,0.795654,0.138794,81920,53059941,2633,454452,171,2174
19520,350.154,177.02,7.505779,7.195908,0.309872,646.5506,0.837817,0.065283,0.795459,0.139258,81920,52965429,2483,454461,178,2178
19540,350.501,177.196,7.507754,7.202225,0.305529,646.3597,0.834387,0.065405,0.795996,0.138599,81920,52949786,2495,454564,183,2181
19560,350.849,177.375,7.509922,7.199005,0.310917,646.8209,0.83584,0.065503,0.79491,0.139587,81920,52987569,2584,454324,182,2183
19580,351.194,177.551,7.508203,7.196152,0.312051,642.879,0.836804,0.064856,0.797021,0.138123,81920,52664648,2520,454354,187,2187
19600,351.539,177.728,7.504022,7.192123,0.311898,645.4327,0.836414,0.065161,0.798071,0.136768,81920,52873849,2499,454106,192,2192
19620,351.887,177.904,7.503198,7.191406,0.311792,645.8371,0.835913,0.065234,0.79873,0.136035,81920,52906974,2555,454403,195,2192
19640,352.239,178.083,7.504863,7.19165,0.313212,641.5914,0.835681,0.064819,0.797437,0.137744,81920,52559168,2469,454263,190,2196
19660,352.592,178.26,7.504452,7.188675,0.315777,647.8712,0.834241,0.065479,0.797119,0.137402,81920,53073606,2583,453976,186,2198
19680,352.942,178.437,7.505797,7.187225,0.318572,646.4475,0.838428,0.065356,0.797876,0.136768,81920,52956982,2506,454119,183,2198
19700,353.292,178.615,7.508342,7.179062,0.32928,644.8154,0.834448,0.065125,0.795654,0.139221,81920,52823280,2509,453703,182,2200
19720,353.646,178.789,7.510355,7.183838,0.326517,639.5076,0.836072,0.064612,0.797815,0.137573,81920,52388459,2578,453796,180,2201
19740,354.004,178.968,7.508735,7.184128,0.324607,645.8134,0.83833,0.065295,0.799597,0.135107,81920,52905030,2494,453822,179,2201
19760,354.445,179.234,7.504463,7.181717,0.322746,644.6178,0.839893,0.065149,0.801538,0.133313,81920,52807087,2437,453794,183,2205
19780,354.812,179.412,7.503061,7.177628,0.325434,633.2442,0.838159,0.063745,0.804138,0.132117,81920,51875362,2426,453494,185,2206
19800,355.162,179.588,7.500071,7.179199,0.320872,640.5216,0.840796,0.0646,0.805249,0.130151,81920,52471528,2458,453779,185,2206
19820,355.513,179.77,7.501497,7.181168,0.320329,649.6867,0.838928,0.065735,0.803369,0.130896,81920,53222332,2481,453957,180,2206
19840,355.859,179.948,7.503729,7.179108,0.324622,655.2175,0.839575,0.066345,0.802478,0.131177,81920,53675421,2475,453813,180,2209
19860,356.215,180.134,7.503223,7.174591,0.328632,671.7425,0.841321,0.068445,0.800183,0.131372,81920,55029146,2495,453447,189,2215
19880,356.579,180.323,7.504321,7.172897,0.331423,688.9785,0.84353,0.070581,0.797778,0.131641,81920,56441119,2559,453275,185,2215
19900,356.955,180.51,7.501081,7.166306,0.334776,691.4499,0.845154,0.070813,0.803223,0.125964,81920,56643579,2553,453036,186,2220
19920,357.32,180.695,7.499922,7.160477,0.339445,697.2278,0.843909,0.071472,0.804895,0.123633,81920,57116902,2504,452654,183,2220
19940,357.689,180.889,7.50097,7.160248,0.340722,700.2086,0.846436,0.071899,0.803979,0.124121,81920,57361091,2495,452842,187,2220
19960,358.051,181.076,7.50005,7.162643,0.337406,697.1734,0.843396,0.071606,0.805017,0.123376,81920,57112448,2461,452968,192,2224
19980,358.414,181.262,7.504305,7.166946,0.337358,703.8889,0.842566,0.072388,0.803723,0.123889,81920,57662581,2600,453198,196,2227
20000,358.809,181.448,7.509184,7.168213,0.340971,705.7558,0.839893,0.072656,0.803943,0.123401,81920,57815512,2458,453046,201,2229
